0.75 0.1 3.47135 0.814954
0.75 0.11 3.43743 0.756856
0.75 0.12 3.40303 0.709029
0.75 0.13 3.3777 0.653492
0.75 0.14 3.35109 0.613922
0.75 0.15 3.32416 0.578873
0.75 0.16 3.30567 0.536893
0.75 0.17 3.28167 0.504494
0.75 0.18 3.26734 0.480864
0.75 0.19 3.25222 0.452005
0.75 0.2 3.23717 0.436048
0.75 0.21 3.22389 0.411255
0.75 0.22 3.21065 0.388754
0.75 0.23 3.19899 0.370921
0.75 0.24 3.18921 0.352443
0.75 0.25 3.17868 0.331956
0.75 0.26 3.1712 0.320396
0.75 0.27 3.16369 0.311371
0.75 0.28 3.15481 0.295384
0.75 0.29 3.14835 0.278709
0.75 0.3 3.14195 0.269067
0.75 0.31 3.13533 0.259925
0.75 0.32 3.12844 0.246115
0.75 0.33 3.12596 0.238386
0.75 0.34 3.12221 0.235319
0.75 0.35 3.11131 0.221281
0.75 0.36 3.11073 0.212697
0.75 0.37 3.10685 0.206478
0.75 0.38 3.10004 0.195155
0.75 0.39 3.09765 0.193616
0.75 0.4 3.09377 0.186465
0.75 0.41 3.09201 0.182432
0.75 0.42 3.09105 0.178333
0.75 0.43 3.08646 0.168916
0.75 0.44 3.08517 0.167781
0.75 0.45 3.08092 0.162309
0.75 0.46 3.07811 0.161666
0.75 0.47 3.07973 0.1817
0.75 0.48 3.07509 0.152661
0.75 0.49 3.07235 0.152192
0.75 0.5 3.07448 0.147983
0.75 0.51 3.07046 0.146606
0.75 0.52 3.06955 0.143356
0.75 0.53 3.06712 0.140638
0.75 0.54 3.0654 0.133674
0.75 0.55 3.06458 0.130187
0.75 0.56 3.06509 0.135562
0.75 0.57 3.06161 0.134899
0.75 0.58 3.06035 0.128638
0.75 0.59 3.06049 0.128695
0.76 0.1 3.44663 0.771234
0.76 0.11 3.41382 0.708409
0.76 0.12 3.38372 0.670666
0.76 0.13 3.35429 0.621602
0.76 0.14 3.32909 0.573181
0.76 0.15 3.31386 0.546448
0.76 0.16 3.28538 0.494401
0.76 0.17 3.26892 0.478566
0.76 0.18 3.25005 0.451562
0.76 0.19 3.23309 0.426325
0.76 0.2 3.22302 0.406127
0.76 0.21 3.21109 0.379166
0.76 0.22 3.20017 0.363826
0.76 0.23 3.18759 0.341412
0.76 0.24 3.17577 0.325915
0.76 0.25 3.16373 0.308525
0.76 0.26 3.15602 0.293181
0.76 0.27 3.14897 0.283874
0.76 0.28 3.14198 0.270869
0.76 0.29 3.13531 0.258824
0.76 0.3 3.12956 0.243763
0.76 0.31 3.12444 0.24279
0.76 0.32 3.11752 0.222492
0.76 0.33 3.11368 0.220362
0.76 0.34 3.11076 0.215893
0.76 0.35 3.10829 0.204275
0.76 0.36 3.09848 0.193353
0.76 0.37 3.09606 0.190501
0.76 0.38 3.09048 0.179133
0.76 0.39 3.08783 0.174476
0.76 0.4 3.08515 0.170255
0.76 0.41 3.08708 0.165538
0.76 0.42 3.08071 0.163788
0.76 0.43 3.08135 0.159921
0.76 0.44 3.07668 0.15236
0.76 0.45 3.07356 0.150067
0.76 0.46 3.07132 0.144461
0.76 0.47 3.06956 0.142155
0.76 0.48 3.06881 0.134178
0.76 0.49 3.063 0.131194
0.76 0.5 3.06323 0.128947
0.76 0.51 3.06105 0.125267
0.76 0.52 3.0621 0.124203
0.76 0.53 3.05865 0.121544
0.76 0.54 3.05887 0.12047
0.76 0.55 3.05864 0.116672
0.76 0.56 3.05594 0.351349
0.76 0.57 3.06292 0.117292
0.76 0.58 3.05635 0.120144
0.76 0.59 3.05487 0.113501
0.77 0.1 3.42489 0.73164
0.77 0.11 3.39043 0.679527
0.77 0.12 3.36578 0.629479
0.77 0.13 3.33614 0.581434
0.77 0.14 3.3107 0.55174
0.77 0.15 3.28685 0.514228
0.77 0.16 3.26663 0.471311
0.77 0.17 3.25567 0.45251
0.77 0.18 3.23694 0.424947
0.77 0.19 3.22233 0.397237
0.77 0.2 3.20846 0.377948
0.77 0.21 3.19721 0.358268
0.77 0.22 3.18567 0.338923
0.77 0.23 3.17201 0.319966
0.77 0.24 3.15777 0.299041
0.77 0.25 3.15377 0.28982
0.77 0.26 3.14783 0.274791
0.77 0.27 3.14097 0.261432
0.77 0.28 3.13191 0.253678
0.77 0.29 3.12234 0.236525
0.77 0.3 3.11961 0.227031
0.77 0.31 3.11416 0.216327
0.77 0.32 3.11027 0.209161
0.77 0.33 3.1059 0.201534
0.77 0.34 3.0983 0.191144
0.77 0.35 3.09677 0.185806
0.77 0.36 3.09084 0.178135
0.77 0.37 3.08537 0.171758
0.77 0.38 3.0849 0.165602
0.77 0.39 3.08168 0.155811
0.77 0.4 3.0783 0.15568
0.77 0.41 3.07631 0.151543
0.77 0.42 3.07308 0.144772
0.77 0.43 3.07073 0.138795
0.77 0.44 3.06724 0.13713
0.77 0.45 3.0672 0.132579
0.77 0.46 3.06441 0.128997
0.77 0.47 3.0623 0.125276
0.77 0.48 3.06045 0.118705
0.77 0.49 3.0617 0.11973
0.77 0.5 3.05734 0.113861
0.77 0.51 3.05382 0.109972
0.77 0.52 3.05677 0.111632
0.77 0.53 3.05282 0.107124
0.77 0.54 3.05224 0.109796
0.77 0.55 3.05143 0.10846
0.77 0.56 3.0491 0.108615
0.77 0.57 3.04879 0.100833
0.77 0.58 3.04718 0.102232
0.77 0.59 3.04871 0.104703
0.78 0.1 3.40227 0.691598
0.78 0.11 3.37058 0.640225
0.78 0.12 3.3416 0.590343
0.78 0.13 3.31593 0.548989
0.78 0.14 3.2911 0.513959
0.78 0.15 3.27177 0.480535
0.78 0.16 3.25448 0.455932
0.78 0.17 3.23651 0.420874
0.78 0.18 3.22058 0.394601
0.78 0.19 3.20661 0.374052
0.78 0.2 3.19521 0.347224
0.78 0.21 3.18301 0.561843
0.78 0.22 3.17372 0.317207
0.78 0.23 3.1628 0.296596
0.78 0.24 3.15522 0.280618
0.78 0.25 3.1433 0.264047
0.78 0.26 3.13893 0.256388
0.78 0.27 3.12775 0.239439
0.78 0.28 3.12281 0.229632
0.78 0.29 3.11478 0.22073
0.78 0.3 3.10828 0.206424
0.78 0.31 3.10224 0.195104
0.78 0.32 3.0982 0.189543
0.78 0.33 3.09392 0.179746
0.78 0.34 3.09105 0.174298
0.78 0.35 3.08549 0.166945
0.78 0.36 3.08372 0.161853
0.78 0.37 3.08121 0.15223
0.78 0.38 3.07349 0.144443
0.78 0.39 3.0732 0.177514
0.78 0.4 3.06838 0.136929
0.78 0.41 3.06555 0.131566
0.78 0.42 3.06478 0.127186
0.78 0.43 3.06106 0.120859
0.78 0.44 3.06374 0.121223
0.78 0.45 3.05662 0.113175
0.78 0.46 3.0578 0.114555
0.78 0.47 3.05719 0.114626
0.78 0.48 3.05473 0.284815
0.78 0.49 3.0506 0.103727
0.78 0.5 3.04851 0.102286
0.78 0.51 3.04956 0.097408
0.78 0.52 3.04976 0.0998678
0.78 0.53 3.0468 0.10682
0.78 0.54 3.04611 0.0957394
0.78 0.55 3.04437 0.0947976
0.78 0.56 3.04409 0.0918996
0.78 0.57 3.04426 0.0915091
0.78 0.58 3.04412 0.0925717
0.78 0.59 3.04374 0.090502
0.79 0.1 3.38749 0.666514
0.79 0.11 3.3539 0.605721
0.79 0.12 3.3261 0.566214
0.79 0.13 3.29837 0.526093
0.79 0.14 3.2723 0.477161
0.79 0.15 3.25938 0.457317
0.79 0.16 3.24378 0.424962
0.79 0.17 3.22505 0.397206
0.79 0.18 3.20828 0.377054
0.79 0.19 3.19363 0.348801
0.79 0.2 3.18348 0.32507
0.79 0.21 3.16976 0.402051
0.79 0.22 3.15802 0.28919
0.79 0.23 3.1471 0.276441
0.79 0.24 3.14109 0.257918
0.79 0.25 3.13296 0.243292
0.79 0.26 3.12732 0.235083
0.79 0.27 3.11797 0.21968
0.79 0.28 3.11076 0.209265
0.79 0.29 3.10678 0.230563
0.79 0.3 3.09885 0.18975
0.79 0.31 3.09428 0.17803
0.79 0.32 3.09054 0.170525
0.79 0.33 3.08705 0.165881
0.79 0.34 3.08218 0.154579
0.79 0.35 3.07717 0.150706
0.79 0.36 3.07528 0.144612
0.79 0.37 3.07073 0.14215
0.79 0.38 3.06901 0.133418
0.79 0.39 3.06502 0.126375
0.79 0.4 3.06251 0.124216
0.79 0.41 3.05868 0.142822
0.79 0.42 3.05727 0.11191
0.79 0.43 3.05765 0.109408
0.79 0.44 3.05358 0.10712
0.79 0.45 3.05203 0.120614
0.79 0.46 3.04954 0.0997253
0.79 0.47 3.04712 0.0979577
0.79 0.48 3.04835 0.0953954
0.79 0.49 3.04551 0.0929153
0.79 0.5 3.04285 0.0882886
0.79 0.51 3.04335 0.0872433
0.79 0.52 3.04436 0.0900567
0.79 0.53 3.0412 0.0846816
0.79 0.54 3.04027 0.0830222
0.79 0.55 3.04002 0.0834635
0.79 0.56 3.03952 0.0814535
0.79 0.57 3.03597 0.0885862
0.79 0.58 3.03944 0.082176
0.79 0.59 3.03717 0.0792022
0.8 0.1 3.3605 0.619551
0.8 0.11 3.33578 0.571058
0.8 0.12 3.30687 0.534384
0.8 0.13 3.28364 0.495159
0.8 0.14 3.26306 0.454911
0.8 0.15 3.24492 0.426183
0.8 0.16 3.22626 0.39545
0.8 0.17 3.20901 0.371456
0.8 0.18 3.19323 0.343969
0.8 0.19 3.18045 0.324324
0.8 0.2 3.17045 0.309883
0.8 0.21 3.15905 0.29243
0.8 0.22 3.14714 0.269284
0.8 0.23 3.13906 0.258849
0.8 0.24 3.13363 0.239908
0.8 0.25 3.12456 0.228838
0.8 0.26 3.11502 0.215716
0.8 0.27 3.11035 0.201095
0.8 0.28 3.10414 0.194671
0.8 0.29 3.09761 0.181591
0.8 0.3 3.09106 0.172135
0.8 0.31 3.08521 0.161778
0.8 0.32 3.08339 0.155873
0.8 0.33 3.07695 0.147345
0.8 0.34 3.07472 0.142758
0.8 0.35 3.06994 0.133135
0.8 0.36 3.0667 0.127159
0.8 0.37 3.06354 0.122937
0.8 0.38 3.05889 0.118461
0.8 0.39 3.05887 0.112565
0.8 0.4 3.05658 0.107179
0.8 0.41 3.05376 0.104105
0.8 0.42 3.05034 0.12758
0.8 0.43 3.04879 0.0991194
0.8 0.44 3.04736 0.0956461
0.8 0.45 3.04773 0.0898543
0.8 0.46 3.04274 0.0892393
0.8 0.47 3.04287 0.0843141
0.8 0.48 3.04128 0.0824848
0.8 0.49 3.04146 0.080491
0.8 0.5 3.03883 0.0793783
0.8 0.51 3.03829 0.0786938
0.8 0.52 3.03752 0.0759499
0.8 0.53 3.03595 0.0745378
0.8 0.54 3.03556 0.0742514
0.8 0.55 3.0351 0.0734795
0.8 0.56 3.03287 0.0695909
0.8 0.57 3.03346 0.0712072
0.8 0.58 3.03271 0.0681974
0.8 0.59 3.03246 0.0702304
0.81 0.1 3.34896 0.590365
0.81 0.11 3.31857 0.539871
0.81 0.12 3.2917 0.508448
0.81 0.13 3.26834 0.468778
0.81 0.14 3.24464 0.432237
0.81 0.15 3.22874 0.404953
0.81 0.16 3.211 0.375289
0.81 0.17 3.1953 0.343189
0.81 0.18 3.18056 0.331389
0.81 0.19 3.16847 0.303337
0.81 0.2 3.16067 0.286122
0.81 0.21 3.14851 0.266258
0.81 0.22 3.13735 0.251264
0.81 0.23 3.12833 0.233442
0.81 0.24 3.12102 0.221781
0.81 0.25 3.11251 0.206146
0.81 0.26 3.10519 0.198815
0.81 0.27 3.10085 0.185198
0.81 0.28 3.09508 0.17755
0.81 0.29 3.08815 0.163831
0.81 0.3 3.08421 0.155543
0.81 0.31 3.07717 0.1485
0.81 0.32 3.07521 0.141813
0.81 0.33 3.06897 0.133286
0.81 0.34 3.067 0.12796
0.81 0.35 3.06095 0.120033
0.81 0.36 3.0611 0.114494
0.81 0.37 3.05693 0.110585
0.81 0.38 3.053 0.104231
0.81 0.39 3.05111 0.0996122
0.81 0.4 3.04803 0.0960901
0.81 0.41 3.04696 0.0939199
0.81 0.42 3.04585 0.0921231
0.81 0.43 3.04185 0.0837869
0.81 0.44 3.04247 0.0836881
0.81 0.45 3.04077 0.0805816
0.81 0.46 3.0378 0.07701
0.81 0.47 3.03742 0.126649
0.81 0.48 3.03386 0.0710786
0.81 0.49 3.03428 0.0699752
0.81 0.5 3.03365 0.0703155
0.81 0.51 3.03393 0.0671286
0.81 0.52 3.03187 0.0667281
0.81 0.53 3.03246 0.0628242
0.81 0.54 3.03079 0.0641281
0.81 0.55 3.02869 0.0629485
0.81 0.56 3.03116 0.0625347
0.81 0.57 3.02661 0.0590443
0.81 0.58 3.02856 0.0598053
0.81 0.59 3.0294 0.0612236
0.82 0.1 3.33255 0.564107
0.82 0.11 3.29739 0.512674
0.82 0.12 3.28114 0.476573
0.82 0.13 3.25426 0.440143
0.82 0.14 3.23054 0.402188
0.82 0.15 3.21417 0.379158
0.82 0.16 3.19655 0.348788
0.82 0.17 3.18286 0.32233
0.82 0.18 3.17239 0.308071
0.82 0.19 3.16004 0.28355
0.82 0.2 3.14399 0.261024
0.82 0.21 3.13862 0.249227
0.82 0.22 3.12767 0.232146
0.82 0.23 3.11821 0.215648
0.82 0.24 3.11414 0.20709
0.82 0.25 3.10293 0.192277
0.82 0.26 3.09998 0.180859
0.82 0.27 3.09172 0.170575
0.82 0.28 3.0863 0.160006
0.82 0.29 3.07882 0.147463
0.82 0.3 3.0733 0.140219
0.82 0.31 3.07101 0.134936
0.82 0.32 3.06578 0.124525
0.82 0.33 3.06279 0.121046
0.82 0.34 3.05941 0.116538
0.82 0.35 3.0562 0.489567
0.82 0.36 3.05266 0.103424
0.82 0.37 3.04797 0.0971962
0.82 0.38 3.04723 0.0946185
0.82 0.39 3.04671 0.142092
0.82 0.4 3.04376 0.0851651
0.82 0.41 3.04192 0.0830923
0.82 0.42 3.04096 0.0794974
0.82 0.43 3.03765 0.0739907
0.82 0.44 3.03828 0.0726756
0.82 0.45 3.03479 0.0695017
0.82 0.46 3.03353 0.0675426
0.82 0.47 3.03341 0.066071
0.82 0.48 3.0318 0.0630829
0.82 0.49 3.03115 0.062991
0.82 0.5 3.02973 0.059965
0.82 0.51 3.02753 0.0595164
0.82 0.52 3.0265 0.0568799
0.82 0.53 3.02623 0.0545939
0.82 0.54 3.02619 0.0557508
0.82 0.55 3.02721 0.0544914
0.82 0.56 3.0258 0.0532216
0.82 0.57 3.02521 0.0540879
0.82 0.58 3.02392 0.0517076
0.82 0.59 3.02565 0.0530367
0.83 0.1 3.31107 0.527061
0.83 0.11 3.28244 0.486165
0.83 0.12 3.26049 0.70433
0.83 0.13 3.23811 0.41311
0.83 0.14 3.21841 0.381756
0.83 0.15 3.20058 0.353181
0.83 0.16 3.18489 0.322523
0.83 0.17 3.17377 0.306711
0.83 0.18 3.15842 0.282082
0.83 0.19 3.14824 0.26511
0.83 0.2 3.13928 0.246256
0.83 0.21 3.12579 0.230229
0.83 0.22 3.11747 0.210165
0.83 0.23 3.10825 0.199252
0.83 0.24 3.1024 0.187781
0.83 0.25 3.0965 0.174357
0.83 0.26 3.08801 0.163518
0.83 0.27 3.08159 0.155587
0.83 0.28 3.07831 0.144885
0.83 0.29 3.07166 0.135844
0.83 0.3 3.06555 0.125702
0.83 0.31 3.06459 0.121198
0.83 0.32 3.05998 0.115307
0.83 0.33 3.05695 0.106317
0.83 0.34 3.05188 0.0992775
0.83 0.35 3.05226 0.0975449
0.83 0.36 3.04505 0.0908988
0.83 0.37 3.04384 0.0852691
0.83 0.38 3.04205 0.0826466
0.83 0.39 3.04031 0.078311
0.83 0.4 3.0371 0.0925666
0.83 0.41 3.0369 0.069602
0.83 0.42 3.03456 0.0684903
0.83 0.43 3.0306 0.0649993
0.83 0.44 3.03051 0.061508
0.83 0.45 3.0294 0.0604994
0.83 0.46 3.02962 0.0567786
0.83 0.47 3.02796 0.0568367
0.83 0.48 3.02587 0.0530058
0.83 0.49 3.02591 0.0509856
0.83 0.5 3.02592 0.0570782
0.83 0.51 3.02485 0.0514163
0.83 0.52 3.02267 0.0498188
0.83 0.53 3.02247 0.0480924
0.83 0.54 3.02267 0.0469916
0.83 0.55 3.02271 0.0481289
0.83 0.56 3.02162 0.046401
0.83 0.57 3.02198 0.0467687
0.83 0.58 3.02015 0.0446623
0.83 0.59 3.02179 0.0467053
0.84 0.1 3.29816 0.498795
0.84 0.11 3.26872 0.464051
0.84 0.12 3.24524 0.418094
0.84 0.13 3.22527 0.387381
0.84 0.14 3.2058 0.357474
0.84 0.15 3.18932 0.33699
0.84 0.16 3.17562 0.305682
0.84 0.17 3.15998 0.281414
0.84 0.18 3.14637 0.263053
0.84 0.19 3.14023 0.243828
0.84 0.2 3.12779 0.232309
0.84 0.21 3.11854 0.213734
0.84 0.22 3.11062 0.194754
0.84 0.23 3.10172 0.185377
0.84 0.24 3.09613 0.173948
0.84 0.25 3.08786 0.161665
0.84 0.26 3.07924 0.148901
0.84 0.27 3.07406 0.140573
0.84 0.28 3.06953 0.130971
0.84 0.29 3.06331 0.143523
0.84 0.3 3.06057 0.114942
0.84 0.31 3.05811 0.108019
0.84 0.32 3.05365 0.101267
0.84 0.33 3.05067 0.0965597
0.84 0.34 3.04826 0.0912844
0.84 0.35 3.04333 0.0861328
0.84 0.36 3.04061 0.0802561
0.84 0.37 3.03926 0.0750954
0.84 0.38 3.03577 0.0715526
0.84 0.39 3.03499 0.0692764
0.84 0.4 3.03313 0.062786
0.84 0.41 3.03174 0.0611511
0.84 0.42 3.03021 0.0578381
0.84 0.43 3.02885 0.0561735
0.84 0.44 3.02631 0.0528186
0.84 0.45 3.02569 0.0520673
0.84 0.46 3.02534 0.0485766
0.84 0.47 3.02406 0.0476958
0.84 0.48 3.02317 0.0470495
0.84 0.49 3.02189 0.0441134
0.84 0.5 3.02274 0.0430239
0.84 0.51 3.02137 0.0430169
0.84 0.52 3.01878 0.0407267
0.84 0.53 3.02014 0.0412257
0.84 0.54 3.01883 0.0393079
0.84 0.55 3.01863 0.0398894
0.84 0.56 3.0183 0.0395158
0.84 0.57 3.01686 0.0386119
0.84 0.58 3.01794 0.04012
0.84 0.59 3.01616 0.0389671
0.85 0.1 3.281 0.473779
0.85 0.11 3.25331 0.432562
0.85 0.12 3.23061 0.398445
0.85 0.13 3.21166 0.36331
0.85 0.14 3.19195 0.335162
0.85 0.15 3.17799 0.307402
0.85 0.16 3.16329 0.287778
0.85 0.17 3.14872 0.263167
0.85 0.18 3.13678 0.243537
0.85 0.19 3.12646 0.22669
0.85 0.2 3.11534 0.211408
0.85 0.21 3.10735 0.196596
0.85 0.22 3.10007 0.180492
0.85 0.23 3.08984 0.16769
0.85 0.24 3.08585 0.158911
0.85 0.25 3.08069 0.146986
0.85 0.26 3.07397 0.13851
0.85 0.27 3.06857 0.127056
0.85 0.28 3.06492 0.11785
0.85 0.29 3.05703 0.10981
0.85 0.3 3.05509 0.103611
0.85 0.31 3.04854 0.0955103
0.85 0.32 3.04859 0.0916149
0.85 0.33 3.04609 0.085353
0.85 0.34 3.04091 0.0794372
0.85 0.35 3.03879 0.0800783
0.85 0.36 3.03629 0.068225
0.85 0.37 3.03346 0.0646926
0.85 0.38 3.03145 0.0634003
0.85 0.39 3.02912 0.0583875
0.85 0.4 3.02831 0.0545781
0.85 0.41 3.02559 0.0536392
0.85 0.42 3.02613 0.0493011
0.85 0.43 3.02362 0.0479591
0.85 0.44 3.02345 0.0465522
0.85 0.45 3.02162 0.0430046
0.85 0.46 3.02265 0.0419863
0.85 0.47 3.02087 0.0392501
0.85 0.48 3.01996 0.0397745
0.85 0.49 3.0182 0.0429179
0.85 0.5 3.01678 0.0366786
0.85 0.51 3.01813 0.0356506
0.85 0.52 3.01769 0.0366177
0.85 0.53 3.01663 0.0352932
0.85 0.54 3.01605 0.0338994
0.85 0.55 3.01677 0.0345665
0.85 0.56 3.01532 0.0334645
0.85 0.57 3.01445 0.0340422
0.85 0.58 3.01524 0.0349319
0.85 0.59 3.0152 0.0336687
0.86 0.1 3.26266 0.444479
0.86 0.11 3.2401 0.408417
0.86 0.12 3.21728 0.371084
0.86 0.13 3.19862 0.349913
0.86 0.14 3.18445 0.315281
0.86 0.15 3.16608 0.289618
0.86 0.16 3.15293 0.267191
0.86 0.17 3.14036 0.247471
0.86 0.18 3.12625 0.229873
0.86 0.19 3.12096 0.21175
0.86 0.2 3.10775 0.196348
0.86 0.21 3.09938 0.181686
0.86 0.22 3.0925 0.166942
0.86 0.23 3.08516 0.156631
0.86 0.24 3.07857 0.145379
0.86 0.25 3.07233 0.133319
0.86 0.26 3.06664 0.12312
0.86 0.27 3.06043 0.112603
0.86 0.28 3.05612 0.107169
0.86 0.29 3.05183 0.100581
0.86 0.3 3.04752 0.0915048
0.86 0.31 3.04585 0.0856649
0.86 0.32 3.04224 0.0809778
0.86 0.33 3.03839 0.0742603
0.86 0.34 3.03606 0.438662
0.86 0.35 3.0335 0.065211
0.86 0.36 3.03205 0.0600567
0.86 0.37 3.02891 0.0569198
0.86 0.38 3.02725 0.0667554
0.86 0.39 3.02492 0.053906
0.86 0.4 3.02422 0.0479804
0.86 0.41 3.02271 0.0449902
0.86 0.42 3.02167 0.0416204
0.86 0.43 3.02047 0.0394391
0.86 0.44 3.02022 0.0379262
0.86 0.45 3.01843 0.0365236
0.86 0.46 3.018 0.0341019
0.86 0.47 3.01646 0.0327375
0.86 0.48 3.0155 0.0327096
0.86 0.49 3.01582 0.0319357
0.86 0.5 3.01485 0.0300889
0.86 0.51 3.0142 0.0296025
0.86 0.52 3.01473 0.0290564
0.86 0.53 3.01386 0.0283825
0.86 0.54 3.01314 0.0284276
0.86 0.55 3.0131 0.028584
0.86 0.56 3.01316 0.0296247
0.86 0.57 3.01163 0.0292412
0.86 0.58 3.01311 0.0347093
0.86 0.59 3.01291 0.0300275
0.87 0.1 3.24903 0.431799
0.87 0.11 3.22815 0.385696
0.87 0.12 3.20459 0.352069
0.87 0.13 3.18699 0.322897
0.87 0.14 3.17383 0.295813
0.87 0.15 3.1559 0.271666
0.87 0.16 3.14222 0.2488
0.87 0.17 3.13038 0.230372
0.87 0.18 3.1196 0.210718
0.87 0.19 3.10843 0.193246
0.87 0.2 3.09932 0.179923
0.87 0.21 3.09091 0.167559
0.87 0.22 3.08379 0.155016
0.87 0.23 3.07562 0.142041
0.87 0.24 3.07139 0.1306
0.87 0.25 3.06655 0.120874
0.87 0.26 3.0597 0.112895
0.87 0.27 3.05563 0.103793
0.87 0.28 3.05085 0.0968137
0.87 0.29 3.04743 0.0907692
0.87 0.3 3.04361 0.083023
0.87 0.31 3.03915 0.0909317
0.87 0.32 3.03687 0.0690097
0.87 0.33 3.03462 0.0657845
0.87 0.34 3.03075 0.0602357
0.87 0.35 3.0298 0.0581607
0.87 0.36 3.02576 0.0527727
0.87 0.37 3.02555 0.0491339
0.87 0.38 3.02297 0.0451194
0.87 0.39 3.02127 0.567231
0.87 0.4 3.02048 0.0393123
0.87 0.41 3.01955 0.0382406
0.87 0.42 3.01813 0.0359943
0.87 0.43 3.01715 0.0338163
0.87 0.44 3.01617 0.0318258
0.87 0.45 3.01521 0.0300566
0.87 0.46 3.01487 0.0291061
0.87 0.47 3.01423 0.0282227
0.87 0.48 3.01363 0.0267811
0.87 0.49 3.01267 0.0261256
0.87 0.5 3.01224 0.0251597
0.87 0.51 3.01279 0.0244149
0.87 0.52 3.01191 0.0245706
0.87 0.53 3.0111 0.0239689
0.87 0.54 3.01072 0.0240257
0.87 0.55 3.01037 0.0243454
0.87 0.56 3.01048 0.0243341
0.87 0.57 3.01126 0.0242183
0.87 0.58 3.01067 0.0245069
0.87 0.59 3.0111 0.0254107
0.88 0.1 3.23741 0.398454
0.88 0.11 3.21702 0.36744
0.88 0.12 3.19733 0.332327
0.88 0.13 3.17787 0.306193
0.88 0.14 3.15877 0.277715
0.88 0.15 3.14928 0.257711
0.88 0.16 3.13382 0.236252
0.88 0.17 3.11827 0.216272
0.88 0.18 3.1102 0.194139
0.88 0.19 3.10236 0.180428
0.88 0.2 3.09183 0.16591
0.88 0.21 3.08404 0.154946
0.88 0.22 3.0751 0.141289
0.88 0.23 3.07247 0.130975
0.88 0.24 3.065 0.1198
0.88 0.25 3.05962 0.109837
0.88 0.26 3.05429 0.10227
0.88 0.27 3.04964 0.105177
0.88 0.28 3.04653 0.0862065
0.88 0.29 3.04104 0.078638
0.88 0.3 3.03632 0.0741797
0.88 0.31 3.03435 0.0677694
0.88 0.32 3.0311 0.061594
0.88 0.33 3.02886 0.0574013
0.88 0.34 3.02702 0.0530167
0.88 0.35 3.02492 0.0487118
0.88 0.36 3.02291 0.0439682
0.88 0.37 3.02121 0.0421934
0.88 0.38 3.01985 0.0388641
0.88 0.39 3.01756 0.0354283
0.88 0.4 3.01602 0.0334538
0.88 0.41 3.01541 0.0316819
0.88 0.42 3.01391 0.0292763
0.88 0.43 3.01402 0.027511
0.88 0.44 3.0136 0.0256462
0.88 0.45 3.01161 0.0239428
0.88 0.46 3.01135 0.0237266
0.88 0.47 3.01086 0.114416
0.88 0.48 3.01011 0.0214448
0.88 0.49 3.0104 0.0202986
0.88 0.5 3.00951 0.0200605
0.88 0.51 3.00912 0.0200437
0.88 0.52 3.00956 0.0191064
0.88 0.53 3.0088 0.0197098
0.88 0.54 3.00943 0.0196146
0.88 0.55 3.00871 0.0198617
0.88 0.56 3.00909 0.0200951
0.88 0.57 3.0092 0.0209091
0.88 0.58 3.00934 0.0210635
0.88 0.59 3.00984 0.0865554
0.89 0.1 3.22378 0.377442
0.89 0.11 3.20252 0.345517
0.89 0.12 3.18474 0.314528
0.89 0.13 3.16505 0.28739
0.89 0.14 3.14897 0.260183
0.89 0.15 3.13788 0.239433
0.89 0.16 3.12287 0.217124
0.89 0.17 3.11352 0.200589
0.89 0.18 3.10025 0.181989
0.89 0.19 3.09387 0.168471
0.89 0.2 3.0839 0.15209
0.89 0.21 3.07647 0.140585
0.89 0.22 3.07143 0.130437
0.89 0.23 3.06495 0.119497
0.89 0.24 3.05709 0.108994
0.89 0.25 3.05322 0.0986704
0.89 0.26 3.05015 0.0911656
0.89 0.27 3.04498 0.0844517
0.89 0.28 3.04103 0.0766368
0.89 0.29 3.03664 0.0703173
0.89 0.3 3.03289 0.0637439
0.89 0.31 3.03083 0.0704286
0.89 0.32 3.02808 0.0547264
0.89 0.33 3.02527 0.0498416
0.89 0.34 3.02385 0.0449427
0.89 0.35 3.02271 0.0421552
0.89 0.36 3.01977 0.0383293
0.89 0.37 3.01891 0.0353475
0.89 0.38 3.01633 0.0319072
0.89 0.39 3.01473 0.0292422
0.89 0.4 3.01381 0.0273192
0.89 0.41 3.01309 0.0255011
0.89 0.42 3.01156 0.0230187
0.89 0.43 3.01143 0.0223404
0.89 0.44 3.01074 0.0297057
0.89 0.45 3.00951 0.0194652
0.89 0.46 3.00955 0.0184288
0.89 0.47 3.00999 0.0182588
0.89 0.48 3.00837 0.0175911
0.89 0.49 3.00755 0.0167468
0.89 0.5 3.00718 0.0157792
0.89 0.51 3.00783 0.0164165
0.89 0.52 3.00747 0.0161739
0.89 0.53 3.00777 0.0162003
0.89 0.54 3.00679 0.0161059
0.89 0.55 3.00751 0.0170205
0.89 0.56 3.00893 0.0182232
0.89 0.57 3.00765 0.0176392
0.89 0.58 3.00887 0.0184337
0.89 0.59 3.0088 0.0198816
0.9 0.1 3.21195 0.359681
0.9 0.11 3.1928 0.327208
0.9 0.12 3.17264 0.295731
0.9 0.13 3.15621 0.268413
0.9 0.14 3.14204 0.24589
0.9 0.15 3.12815 0.224252
0.9 0.16 3.1155 0.20582
0.9 0.17 3.10241 0.185113
0.9 0.18 3.095 0.169226
0.9 0.19 3.08487 0.296178
0.9 0.2 3.07574 0.142926
0.9 0.21 3.0712 0.130534
0.9 0.22 3.06388 0.119286
0.9 0.23 3.05777 0.109144
0.9 0.24 3.0528 0.098806
0.9 0.25 3.04844 0.0910436
0.9 0.26 3.04337 0.0830102
0.9 0.27 3.0378 0.0755667
0.9 0.28 3.03575 0.0683392
0.9 0.29 3.03312 0.0635011
0.9 0.3 3.03036 0.0561012
0.9 0.31 3.02725 0.0516116
0.9 0.32 3.02277 0.0468266
0.9 0.33 3.0229 0.0432719
0.9 0.34 3.01955 0.038462
0.9 0.35 3.01795 0.0349662
0.9 0.36 3.01572 0.0319995
0.9 0.37 3.01375 0.0289836
0.9 0.38 3.01348 0.0267673
0.9 0.39 3.01224 0.0241773
0.9 0.4 3.01149 0.021795
0.9 0.41 3.01081 0.0204393
0.9 0.42 3.0095 0.0205445
0.9 0.43 3.00809 0.0172951
0.9 0.44 3.00826 0.0158907
0.9 0.45 3.00752 0.0151597
0.9 0.46 3.00731 0.0141042
0.9 0.47 3.00672 0.0135055
0.9 0.48 3.00626 0.0132203
0.9 0.49 3.0066 0.0131187
0.9 0.5 3.00722 0.0132535
0.9 0.51 3.00577 0.0131745
0.9 0.52 3.00583 0.0128808
0.9 0.53 3.00595 0.0134937
0.9 0.54 3.006 0.0135601
0.9 0.55 3.00538 0.0138301
0.9 0.56 3.00669 0.0147007
0.9 0.57 3.00597 0.0152393
0.9 0.58 3.00704 0.0161978
0.9 0.59 3.00692 0.0175433
0.91 0.1 3.20231 0.335838
0.91 0.11 3.17818 0.305933
0.91 0.12 3.16319 0.277411
0.91 0.13 3.14485 0.253508
0.91 0.14 3.13165 0.22877
0.91 0.15 3.12041 0.209659
0.91 0.16 3.1059 0.189833
0.91 0.17 3.0953 0.173302
0.91 0.18 3.08553 0.159242
0.91 0.19 3.08011 0.143862
0.91 0.2 3.07336 0.129926
0.91 0.21 3.06529 0.119454
0.91 0.22 3.05823 0.108598
0.91 0.23 3.05239 0.0991431
0.91 0.24 3.04881 0.0907693
0.91 0.25 3.04281 0.0818812
0.91 0.26 3.03739 0.0745618
0.91 0.27 3.03477 0.0674684
0.91 0.28 3.03127 0.0602449
0.91 0.29 3.02846 0.0552511
0.91 0.3 3.02539 0.0492961
0.91 0.31 3.02226 0.0437981
0.91 0.32 3.02092 0.0410014
0.91 0.33 3.0188 0.0363348
0.91 0.34 3.01674 0.0326314
0.91 0.35 3.01407 0.0292543
0.91 0.36 3.01301 0.0267757
0.91 0.37 3.01204 0.023812
0.91 0.38 3.01078 0.0212086
0.91 0.39 3.01064 0.0192574
0.91 0.4 3.00859 0.0173326
0.91 0.41 3.00716 0.0162268
0.91 0.42 3.00748 0.0145308
0.91 0.43 3.00591 0.0131704
0.91 0.44 3.00605 0.0123091
0.91 0.45 3.00585 0.0266257
0.91 0.46 3.00551 0.0108115
0.91 0.47 3.00482 0.0103663
0.91 0.48 3.00505 0.0103444
0.91 0.49 3.0043 0.00996173
0.91 0.5 3.00417 0.0099771
0.91 0.51 3.0054 0.0102148
0.91 0.52 3.00495 0.0103988
0.91 0.53 3.00474 0.0107532
0.91 0.54 3.00506 0.0113563
0.91 0.55 3.00588 0.0123495
0.91 0.56 3.00582 0.0127532
0.91 0.57 3.00607 0.0137105
0.91 0.58 3.00592 0.0145226
0.91 0.59 3.00585 0.0154276
0.92 0.1 3.18965 0.321196
0.92 0.11 3.16873 0.289594
0.92 0.12 3.15267 0.263396
0.92 0.13 3.13638 0.234882
0.92 0.14 3.12184 0.216581
0.92 0.15 3.11018 0.194243
0.92 0.16 3.10055 0.177509
0.92 0.17 3.08994 0.160424
0.92 0.18 3.08116 0.145748
0.92 0.19 3.07399 0.134296
0.92 0.2 3.06552 0.120906
0.92 0.21 3.05988 0.110114
0.92 0.22 3.05255 0.099065
0.92 0.23 3.04684 0.0897534
0.92 0.24 3.04253 0.0806135
0.92 0.25 3.037 0.0735422
0.92 0.26 3.03619 0.0810741
0.92 0.27 3.03039 0.0590698
0.92 0.28 3.02605 0.0538517
0.92 0.29 3.02478 0.0485298
0.92 0.3 3.02106 0.0431907
0.92 0.31 3.01945 0.0385046
0.92 0.32 3.01759 0.0347969
0.92 0.33 3.01499 0.0308294
0.92 0.34 3.01362 0.0271701
0.92 0.35 3.01247 0.0245405
0.92 0.36 3.01024 0.0217806
0.92 0.37 3.00852 0.0191599
0.92 0.38 3.00791 0.0171146
0.92 0.39 3.00788 0.0160065
0.92 0.4 3.00619 0.0134742
0.92 0.41 3.00635 0.0162384
0.92 0.42 3.00558 0.0109288
0.92 0.43 3.0048 0.0096659
0.92 0.44 3.00345 0.350653
0.92 0.45 3.00423 0.00855212
0.92 0.46 3.00416 0.00806551
0.92 0.47 3.00337 0.401681
0.92 0.48 3.00377 0.00776193
0.92 0.49 3.00282 0.00763409
0.92 0.5 3.00343 0.00796216
0.92 0.51 3.00406 0.00856621
0.92 0.52 3.00399 0.0168874
0.92 0.53 3.00406 0.00938431
0.92 0.54 3.00433 0.00998356
0.92 0.55 3.00457 0.220543
0.92 0.56 3.00521 0.0117456
0.92 0.57 3.00517 0.0124612
0.92 0.58 3.00612 0.0137364
0.92 0.59 3.00667 0.0147893
0.93 0.1 3.17963 0.303064
0.93 0.11 3.15847 0.274608
0.93 0.12 3.14345 0.245436
0.93 0.13 3.12807 0.247429
0.93 0.14 3.11342 0.200448
0.93 0.15 3.10188 0.18201
0.93 0.16 3.09349 0.163329
0.93 0.17 3.08208 0.14928
0.93 0.18 3.07417 0.136206
0.93 0.19 3.06448 0.122865
0.93 0.2 3.05856 0.111749
0.93 0.21 3.05518 0.100757
0.93 0.22 3.04787 0.0917854
0.93 0.23 3.04276 0.0817913
0.93 0.24 3.03695 0.073204
0.93 0.25 3.03389 0.066268
0.93 0.26 3.03044 0.0587944
0.93 0.27 3.02579 0.05297
0.93 0.28 3.02431 0.0472003
0.93 0.29 3.02106 0.0420374
0.93 0.3 3.01854 0.038692
0.93 0.31 3.01666 0.0334862
0.93 0.32 3.01452 0.0296659
0.93 0.33 3.01315 0.0263693
0.93 0.34 3.01139 0.0227994
0.93 0.35 3.00926 0.0200401
0.93 0.36 3.00873 0.017417
0.93 0.37 3.00779 0.0151126
0.93 0.38 3.00649 0.0135147
0.93 0.39 3.00563 0.0115877
0.93 0.4 3.00499 0.0102661
0.93 0.41 3.00384 0.00909908
0.93 0.42 3.00369 0.00802382
0.93 0.43 3.00299 0.00757854
0.93 0.44 3.00352 0.00660132
0.93 0.45 3.00329 0.0067663
0.93 0.46 3.00264 0.00597859
0.93 0.47 3.0021 0.0057113
0.93 0.48 3.00284 0.00587157
0.93 0.49 3.00288 0.00598422
0.93 0.5 3.00299 0.00704175
0.93 0.51 3.00325 0.00675768
0.93 0.52 3.00339 0.00721714
0.93 0.53 3.00385 0.00815327
0.93 0.54 3.00438 0.00880506
0.93 0.55 3.00338 0.00968241
0.93 0.56 3.00456 0.0106694
0.93 0.57 3.00531 0.0117788
0.93 0.58 3.0057 0.0132977
0.93 0.59 3.00625 0.0144233
0.94 0.1 3.17021 0.284447
0.94 0.11 3.15045 0.257282
0.94 0.12 3.13526 0.231163
0.94 0.13 3.11932 0.213624
0.94 0.14 3.10833 0.190218
0.94 0.15 3.09787 0.171475
0.94 0.16 3.08575 0.154145
0.94 0.17 3.07596 0.138587
0.94 0.18 3.06892 0.125478
0.94 0.19 3.06144 0.114276
0.94 0.2 3.05442 0.101361
0.94 0.21 3.04874 0.0917906
0.94 0.22 3.04389 0.0828797
0.94 0.23 3.03787 0.0741482
0.94 0.24 3.03385 0.0664124
0.94 0.25 3.02997 0.0588506
0.94 0.26 3.02564 0.0526376
0.94 0.27 3.02295 0.0470671
0.94 0.28 3.01999 0.0419201
0.94 0.29 3.01746 0.0372506
0.94 0.3 3.0162 0.0325139
0.94 0.31 3.01333 0.0284011
0.94 0.32 3.01215 0.025194
0.94 0.33 3.01042 0.0213762
0.94 0.34 3.00801 0.0187954
0.94 0.35 3.00749 0.0162023
0.94 0.36 3.00698 0.0137782
0.94 0.37 3.00513 0.0119113
0.94 0.38 3.00456 0.0099982
0.94 0.39 3.00335 0.00880607
0.94 0.4 3.00312 0.0074804
0.94 0.41 3.00304 0.00653115
0.94 0.42 3.0022 0.00547284
0.94 0.43 3.00194 0.00497597
0.94 0.44 3.00213 0.00458208
0.94 0.45 3.00206 0.0043346
0.94 0.46 3.00175 0.00418098
0.94 0.47 3.00179 0.140778
0.94 0.48 3.00246 0.00452276
0.94 0.49 3.00211 0.00480306
0.94 0.5 3.00284 0.00533555
0.94 0.51 3.00246 0.0058689
0.94 0.52 3.00278 0.00662878
0.94 0.53 3.00282 0.00742975
0.94 0.54 3.00384 0.00847756
0.94 0.55 3.00418 0.00941747
0.94 0.56 3.00485 0.0106105
0.94 0.57 3.00504 0.0118969
0.94 0.58 3.00581 0.0134201
0.94 0.59 3.00581 0.0143622
0.95 0.1 3.15791 0.271608
0.95 0.11 3.1427 0.245063
0.95 0.12 3.1265 0.220235
0.95 0.13 3.11331 0.198468
0.95 0.14 3.1001 0.177546
0.95 0.15 3.09056 0.160316
0.95 0.16 3.0815 0.144778
0.95 0.17 3.07155 0.130317
0.95 0.18 3.06334 0.11728
0.95 0.19 3.05502 0.104464
0.95 0.2 3.04967 0.0947037
0.95 0.21 3.04254 0.0837208
0.95 0.22 3.03931 0.0752042
0.95 0.23 3.03406 0.0672166
0.95 0.24 3.0297 0.0602334
0.95 0.25 3.02756 0.0527523
0.95 0.26 3.02464 0.0471586
0.95 0.27 3.02104 0.0414602
0.95 0.28 3.01867 0.0367659
0.95 0.29 3.01511 0.0318664
0.95 0.3 3.01345 0.0280643
0.95 0.31 3.01123 0.0240718
0.95 0.32 3.00969 0.0207686
0.95 0.33 3.00806 0.0179395
0.95 0.34 3.00629 0.0152902
0.95 0.35 3.00575 0.0128721
0.95 0.36 3.00428 0.0108884
0.95 0.37 3.00405 0.00907209
0.95 0.38 3.00308 0.00761664
0.95 0.39 3.00277 0.00684247
0.95 0.4 3.00213 0.00515888
0.95 0.41 3.00194 0.00443205
0.95 0.42 3.00155 0.00376389
0.95 0.43 3.00113 0.00665907
0.95 0.44 3.00114 0.00315699
0.95 0.45 3.00123 0.00309477
0.95 0.46 3.0012 0.00311604
0.95 0.47 3.00142 0.00324923
0.95 0.48 3.00187 0.00374499
0.95 0.49 3.00233 0.00851406
0.95 0.5 3.00212 0.00478748
0.95 0.51 3.00264 0.00572884
0.95 0.52 3.0028 0.0254779
0.95 0.53 3.00364 0.00738318
0.95 0.54 3.00389 0.00847576
0.95 0.55 3.00425 0.00976994
0.95 0.56 3.00533 0.0108792
0.95 0.57 3.00529 0.0122864
0.95 0.58 3.00614 0.0493901
0.95 0.59 3.00673 0.0153627
0.96 0.1 3.15066 0.256835
0.96 0.11 3.13283 0.231629
0.96 0.12 3.11807 0.205615
0.96 0.13 3.10569 0.185099
0.96 0.14 3.09318 0.16778
0.96 0.15 3.08171 0.149953
0.96 0.16 3.07499 0.134805
0.96 0.17 3.06457 0.121333
0.96 0.18 3.05606 0.108096
0.96 0.19 3.05118 0.0966678
0.96 0.2 3.04632 0.0877796
0.96 0.21 3.03945 0.077651
0.96 0.22 3.03485 0.0682467
0.96 0.23 3.03081 0.0616462
0.96 0.24 3.02761 0.0539589
0.96 0.25 3.02305 0.0477712
0.96 0.26 3.01921 0.0416366
0.96 0.27 3.01732 0.0358614
0.96 0.28 3.01442 0.0321327
0.96 0.29 3.01368 0.0280027
0.96 0.3 3.01062 0.0341284
0.96 0.31 3.01001 0.0202374
0.96 0.32 3.00733 0.0175033
0.96 0.33 3.00634 0.0148752
0.96 0.34 3.0049 0.0124315
0.96 0.35 3.00369 0.0104115
0.96 0.36 3.00262 0.0112818
0.96 0.37 3.00273 0.00727367
0.96 0.38 3.00205 0.00563343
0.96 0.39 3.00104 0.354214
0.96 0.4 3.00104 0.00372848
0.96 0.41 3.00079 0.0191256
0.96 0.42 3.00091 0.00254979
0.96 0.43 3.0005 0.00662028
0.96 0.44 3.0008 0.00227429
0.96 0.45 3.00067 0.00228345
0.96 0.46 3.00119 0.0025378
0.96 0.47 3.00136 0.00288647
0.96 0.48 3.00162 0.00342716
0.96 0.49 3.00185 0.0145327
0.96 0.5 3.00229 0.00570571
0.96 0.51 3.00295 0.00569655
0.96 0.52 3.00335 0.00715692
0.96 0.53 3.00371 0.00778943
0.96 0.54 3.00452 0.00960687
0.96 0.55 3.00434 0.0151182
0.96 0.56 3.00566 0.0116827
0.96 0.57 3.00602 0.0132454
0.96 0.58 3.00673 0.437924
0.96 0.59 3.00956 21.6291
0.97 0.1 3.14404 0.245268
0.97 0.11 3.12474 0.218483
0.97 0.12 3.10884 0.193457
0.97 0.13 3.09738 0.174561
0.97 0.14 3.08815 0.159684
0.97 0.15 3.07857 0.140969
0.97 0.16 3.0676 0.125986
0.97 0.17 3.06166 0.113845
0.97 0.18 3.05406 0.100149
0.97 0.19 3.04541 0.0895018
0.97 0.2 3.04067 0.0799919
0.97 0.21 3.03501 0.0695061
0.97 0.22 3.03239 0.0623503
0.97 0.23 3.02782 0.0551472
0.97 0.24 3.02367 0.0490485
0.97 0.25 3.02076 0.0428018
0.97 0.26 3.01722 0.0375188
0.97 0.27 3.015 0.0325747
0.97 0.28 3.01302 0.0283582
0.97 0.29 3.01079 0.0238226
0.97 0.3 3.00919 0.0207837
0.97 0.31 3.0075 0.0172634
0.97 0.32 3.00604 0.0146466
0.97 0.33 3.00566 0.0119464
0.97 0.34 3.00364 0.00995246
0.97 0.35 3.00273 0.00808557
0.97 0.36 3.00236 0.00662875
0.97 0.37 3.00172 0.00527039
0.97 0.38 3.00127 0.00405929
0.97 0.39 3.00101 0.00318988
0.97 0.4 3.00065 0.00257841
0.97 0.41 3.00063 0.00221302
0.97 0.42 3.0007 0.00187188
0.97 0.43 3.00051 0.00172966
0.97 0.44 3.00063 0.0018332
0.97 0.45 3.00094 0.00205485
0.97 0.46 3.00145 0.0024659
0.97 0.47 3.00129 0.00418321
0.97 0.48 3.00192 0.00369385
0.97 0.49 3.0023 0.00659493
0.97 0.5 3.00258 0.00533223
0.97 0.51 3.00334 0.00635398
0.97 0.52 3.00368 0.00759436
0.97 0.53 3.00401 0.00877641
0.97 0.54 3.00492 0.0100633
0.97 0.55 3.00517 0.0115475
0.97 0.56 3.00636 0.0239989
0.97 0.57 3.00676 0.0146425
0.97 0.58 3.00788 0.0164896
0.97 0.59 3.00822 0.0182273
0.98 0.1 3.13573 0.230722
0.98 0.11 3.11866 0.208191
0.98 0.12 3.1026 0.186165
0.98 0.13 3.09387 0.165445
0.98 0.14 3.08221 0.152837
0.98 0.15 3.07228 0.130437
0.98 0.16 3.06415 0.118159
0.98 0.17 3.05574 0.105429
0.98 0.18 3.04977 0.0923835
0.98 0.19 3.04244 0.0840582
0.98 0.2 3.03786 0.0739525
0.98 0.21 3.03318 0.0644439
0.98 0.22 3.02934 0.057296
0.98 0.23 3.0249 0.0507952
0.98 0.24 3.02155 0.0444165
0.98 0.25 3.01785 0.0385163
0.98 0.26 3.01548 0.0334562
0.98 0.27 3.01272 0.028885
0.98 0.28 3.01049 0.0243326
0.98 0.29 3.00898 0.0209761
0.98 0.3 3.00742 0.0178066
0.98 0.31 3.00595 0.0149541
0.98 0.32 3.00446 0.0122746
0.98 0.33 3.00378 0.0100435
0.98 0.34 3.00258 0.00816418
0.98 0.35 3.00219 0.00646312
0.98 0.36 3.00157 0.00510887
0.98 0.37 3.00099 0.00403616
0.98 0.38 3.00081 0.00366708
0.98 0.39 3.0006 0.0024703
0.98 0.4 3.00045 0.00196887
0.98 0.41 3.00036 0.00223835
0.98 0.42 3.00048 0.00158539
0.98 0.43 3.00059 0.00166973
0.98 0.44 3.00096 0.00190878
0.98 0.45 3.0012 0.00230084
0.98 0.46 3.00125 0.0516409
0.98 0.47 3.00179 0.00364411
0.98 0.48 3.00234 0.00435487
0.98 0.49 3.00299 0.00567127
0.98 0.5 3.00307 0.00632761
0.98 0.51 3.00388 0.00755534
0.98 0.52 3.00419 0.00890231
0.98 0.53 3.00527 0.0101589
0.98 0.54 3.00578 0.011716
0.98 0.55 3.00638 0.0132855
0.98 0.56 3.00716 0.0147892
0.98 0.57 3.00745 0.0165883
0.98 0.58 3.00813 0.0183976
0.98 0.59 3.01021 0.0201977
0.99 0.1 3.1259 0.221062
0.99 0.11 3.11193 0.195449
0.99 0.12 3.09969 0.174397
0.99 0.13 3.08626 0.155017
0.99 0.14 3.07506 0.139154
0.99 0.15 3.06755 0.123703
0.99 0.16 3.05868 0.111215
0.99 0.17 3.05076 0.0961563
0.99 0.18 3.04661 0.0872036
0.99 0.19 3.03881 0.0768213
0.99 0.2 3.03467 0.0678257
0.99 0.21 3.0289 0.0600167
0.99 0.22 3.02519 0.0526638
0.99 0.23 3.02153 0.0461817
0.99 0.24 3.01885 0.0400438
0.99 0.25 3.01601 0.0349467
0.99 0.26 3.01289 0.0306224
0.99 0.27 3.01061 0.0258867
0.99 0.28 3.00867 0.029396
0.99 0.29 3.00714 0.0186853
0.99 0.3 3.00585 0.0153654
0.99 0.31 3.00489 0.0128551
0.99 0.32 3.00352 0.0105132
0.99 0.33 3.00247 0.00861843
0.99 0.34 3.00189 0.00761118
0.99 0.35 3.00154 0.0053618
0.99 0.36 3.00102 0.00423642
0.99 0.37 3.00059 0.00333445
0.99 0.38 3.00033 0.00262842
0.99 0.39 3.00041 0.00215571
0.99 0.4 3.00034 0.00363635
0.99 0.41 3.00049 0.00184822
0.99 0.42 3.0006 0.00185352
0.99 0.43 3.00068 0.00209188
0.99 0.44 3.00114 0.00250851
0.99 0.45 3.00109 0.00314979
0.99 0.46 3.00199 0.00377248
0.99 0.47 3.00235 0.00463087
0.99 0.48 3.00271 0.00559111
0.99 0.49 3.00313 0.00710744
0.99 0.5 3.00456 0.00776882
0.99 0.51 3.00482 0.00920156
0.99 0.52 3.00519 0.0105732
0.99 0.53 3.00557 0.0122529
0.99 0.54 3.00673 0.0136622
0.99 0.55 3.00738 0.0159889
0.99 0.56 3.00866 0.0171558
0.99 0.57 3.00961 0.0324851
0.99 0.58 3.01004 0.0208973
0.99 0.59 3.0107 0.0282809
1 0.1 3.11884 0.207857
1 0.11 3.10475 0.18111
1 0.12 3.09043 0.163626
1 0.13 3.0809 0.147661
1 0.14 3.07084 0.130397
1 0.15 3.06095 0.117239
1 0.16 3.05335 0.103461
1 0.17 3.04783 0.091021
1 0.18 3.04206 0.0810012
1 0.19 3.0338 0.0719661
1 0.2 3.03004 0.0633288
1 0.21 3.02737 0.0552935
1 0.22 3.02265 0.0484865
1 0.23 3.01945 0.0428525
1 0.24 3.01616 0.0365637
1 0.25 3.01336 0.0387958
1 0.26 3.01149 0.0272861
1 0.27 3.00876 0.0232882
1 0.28 3.00758 0.0198478
1 0.29 3.00621 0.016593
1 0.3 3.00507 0.0136908
1 0.31 3.0037 0.0113517
1 0.32 3.00256 0.00957877
1 0.33 3.00216 0.0074178
1 0.34 3.00153 0.00596976
1 0.35 3.0011 0.00489419
1 0.36 3.00066 0.00392245
1 0.37 3.00068 0.00313158
1 0.38 3.00051 0.00264239
1 0.39 3.0005 0.00229111
1 0.4 3.00039 0.00226469
1 0.41 3.00073 0.00232185
1 0.42 3.00093 0.00256491
1 0.43 3.00104 0.00297272
1 0.44 3.00177 0.00355949
1 0.45 3.0022 0.00424965
1 0.46 3.00265 0.00655821
1 0.47 3.00322 0.0061369
1 0.48 3.00396 0.00722986
1 0.49 3.00467 0.00868165
1 0.5 3.00554 0.00982414
1 0.51 3.00576 0.0340927
1 0.52 3.0068 0.0126591
1 0.53 3.00671 0.0143029
1 0.54 3.00835 0.0161113
1 0.55 3.00873 0.0180651
1 0.56 3.01018 0.0198955
1 0.57 3.01097 0.0217831
1 0.58 3.01142 0.0241451
1 0.59 3.01217 0.026169
1.01 0.1 3.10899 0.199211
1.01 0.11 3.09847 0.177005
1.01 0.12 3.08553 0.15513
1.01 0.13 3.07667 0.137992
1.01 0.14 3.06565 0.122945
1.01 0.15 3.05787 0.110072
1.01 0.16 3.05068 0.0970095
1.01 0.17 3.04288 0.0853725
1.01 0.18 3.03738 0.0760801
1.01 0.19 3.03317 0.0664638
1.01 0.2 3.02705 0.0596819
1.01 0.21 3.02326 0.0515753
1.01 0.22 3.02015 0.0447724
1.01 0.23 3.01711 0.0389219
1.01 0.24 3.01387 0.0338358
1.01 0.25 3.01234 0.0291041
1.01 0.26 3.00976 0.0252878
1.01 0.27 3.00776 0.0214051
1.01 0.28 3.00624 0.0179603
1.01 0.29 3.00478 0.015011
1.01 0.3 3.00409 0.0124202
1.01 0.31 3.00321 0.0104555
1.01 0.32 3.00236 0.0085177
1.01 0.33 3.00147 0.00701812
1.01 0.34 3.0011 0.00582215
1.01 0.35 3.00092 0.00472982
1.01 0.36 3.00077 0.00393485
1.01 0.37 3.00061 0.00740778
1.01 0.38 3.00049 0.00405854
1.01 0.39 3.00089 0.00297975
1.01 0.4 3.00059 0.00308243
1.01 0.41 3.00161 0.00329805
1.01 0.42 3.00143 0.00380807
1.01 0.43 3.00233 0.00435361
1.01 0.44 3.00255 0.00946204
1.01 0.45 3.00267 0.00603893
1.01 0.46 3.00348 0.00689222
1.01 0.47 3.00463 0.00788989
1.01 0.48 3.00514 0.00951073
1.01 0.49 3.00568 0.0107826
1.01 0.5 3.0066 0.0122056
1.01 0.51 3.00718 0.0137533
1.01 0.52 3.00806 0.015362
1.01 0.53 3.00865 0.0171413
1.01 0.54 3.00954 0.0191161
1.01 0.55 3.01075 0.0209742
1.01 0.56 3.01242 0.0229273
1.01 0.57 3.01162 0.0251736
1.01 0.58 3.0136 0.0268351
1.01 0.59 3.01392 0.0295305
1.02 0.1 3.10617 0.187466
1.02 0.11 3.09251 0.164801
1.02 0.12 3.07955 0.147357
1.02 0.13 3.06978 0.131213
1.02 0.14 3.06155 0.117185
1.02 0.15 3.05354 0.104126
1.02 0.16 3.04618 0.090994
1.02 0.17 3.0399 0.0806404
1.02 0.18 3.03462 0.0702322
1.02 0.19 3.02993 0.0619156
1.02 0.2 3.02495 0.0547969
1.02 0.21 3.02076 0.0481774
1.02 0.22 3.01839 0.0416008
1.02 0.23 3.0147 0.0373294
1.02 0.24 3.01263 0.0314093
1.02 0.25 3.01072 0.0265028
1.02 0.26 3.00884 0.0227357
1.02 0.27 3.00718 0.0197242
1.02 0.28 3.00557 0.0166574
1.02 0.29 3.00423 0.0139154
1.02 0.3 3.00335 0.011686
1.02 0.31 3.00274 0.00991286
1.02 0.32 3.00213 0.00816232
1.02 0.33 3.00156 0.00691304
1.02 0.34 3.00138 0.00590026
1.02 0.35 3.00113 0.00515457
1.02 0.36 3.00067 0.0158786
1.02 0.37 3.00092 0.00426469
1.02 0.38 3.00106 0.00407138
1.02 0.39 3.00161 0.0042059
1.02 0.4 3.00182 0.00429448
1.02 0.41 3.00243 0.00503523
1.02 0.42 3.00305 0.00527601
1.02 0.43 3.00224 0.0141866
1.02 0.44 3.00302 0.00720031
1.02 0.45 3.00468 0.00809743
1.02 0.46 3.00436 0.00940507
1.02 0.47 3.00501 0.0106421
1.02 0.48 3.00593 0.0118687
1.02 0.49 3.00703 0.0132982
1.02 0.5 3.00848 0.0149554
1.02 0.51 3.00831 0.0166157
1.02 0.52 3.00919 0.0187182
1.02 0.53 3.00998 0.0205647
1.02 0.54 3.01099 0.022531
1.02 0.55 3.01301 0.0245421
1.02 0.56 3.0126 0.0264406
1.02 0.57 3.01388 0.0288604
1.02 0.58 3.01649 0.0310418
1.02 0.59 3.01686 0.032987
1.03 0.1 3.09878 0.176551
1.03 0.11 3.0865 0.156504
1.03 0.12 3.07552 0.140288
1.03 0.13 3.06671 0.123859
1.03 0.14 3.05784 0.109129
1.03 0.15 3.04868 0.0978856
1.03 0.16 3.04315 0.0858244
1.03 0.17 3.03764 0.0749863
1.03 0.18 3.03105 0.0673436
1.03 0.19 3.0269 0.0597679
1.03 0.2 3.02253 0.0521028
1.03 0.21 3.01985 0.0453248
1.03 0.22 3.01627 0.039381
1.03 0.23 3.01392 0.0341689
1.03 0.24 3.01138 0.0293567
1.03 0.25 3.00962 0.0253363
1.03 0.26 3.00755 0.0217681
1.03 0.27 3.00632 0.0186114
1.03 0.28 3.00529 0.0156278
1.03 0.29 3.00354 0.0135531
1.03 0.3 3.00301 0.0114864
1.03 0.31 3.00279 0.00953689
1.03 0.32 3.00209 0.00838763
1.03 0.33 3.00165 0.00733774
1.03 0.34 3.00152 0.00651007
1.03 0.35 3.00148 0.00587171
1.03 0.36 3.0013 0.00546214
1.03 0.37 3.00171 0.00522511
1.03 0.38 3.00171 0.00545425
1.03 0.39 3.00203 0.00575838
1.03 0.4 3.00289 0.00593318
1.03 0.41 3.00306 0.0114383
1.03 0.42 3.00361 0.0084878
1.03 0.43 3.00458 0.00835371
1.03 0.44 3.00596 2.33134
1.03 0.45 3.00616 0.0105467
1.03 0.46 3.00609 0.0120304
1.03 0.47 3.00669 0.0147851
1.03 0.48 3.00837 1.19126
1.03 0.49 3.00884 0.0162374
1.03 0.5 3.00889 0.0180439
1.03 0.51 3.01022 0.0201866
1.03 0.52 3.01134 0.0242216
1.03 0.53 3.01231 0.0239608
1.03 0.54 3.01351 0.0263353
1.03 0.55 3.01497 0.033691
1.03 0.56 3.01498 0.0308775
1.03 0.57 3.01585 0.0332283
1.03 0.58 3.01694 0.0357061
1.03 0.59 3.01964 0.0379004
1.04 0.1 3.09383 0.169866
1.04 0.11 3.08207 0.150689
1.04 0.12 3.07071 0.133115
1.04 0.13 3.06035 0.118228
1.04 0.14 3.05325 0.104612
1.04 0.15 3.04564 0.0922372
1.04 0.16 3.04022 0.0815452
1.04 0.17 3.03429 0.0716277
1.04 0.18 3.02992 0.0637623
1.04 0.19 3.02433 0.0549163
1.04 0.2 3.02096 0.0485215
1.04 0.21 3.01745 0.0425414
1.04 0.22 3.01508 0.0368652
1.04 0.23 3.01207 0.0325783
1.04 0.24 3.01015 0.0278268
1.04 0.25 3.00842 0.0243292
1.04 0.26 3.00672 0.0209016
1.04 0.27 3.00584 0.0179594
1.04 0.28 3.00457 0.0155345
1.04 0.29 3.00351 0.0146045
1.04 0.3 3.00311 0.0115689
1.04 0.31 3.00252 0.0102229
1.04 0.32 3.00243 0.00904483
1.04 0.33 3.00239 0.00811397
1.04 0.34 3.00159 0.00764215
1.04 0.35 3.002 0.00760759
1.04 0.36 3.00235 0.00706495
1.04 0.37 3.00207 0.00698122
1.04 0.38 3.00264 0.00736279
1.04 0.39 3.00322 0.00799585
1.04 0.4 3.00397 0.00803574
1.04 0.41 3.00485 0.00902413
1.04 0.42 3.00501 0.00999392
1.04 0.43 3.00484 0.0111716
1.04 0.44 3.00638 0.0119734
1.04 0.45 3.00702 0.013595
1.04 0.46 3.00796 0.0147952
1.04 0.47 3.00872 0.0164445
1.04 0.48 3.00868 0.0183642
1.04 0.49 3.0109 0.0198855
1.04 0.5 3.01175 0.0216937
1.04 0.51 3.01262 0.0240322
1.04 0.52 3.01388 0.0260756
1.04 0.53 3.01515 0.0280268
1.04 0.54 3.01543 0.0303396
1.04 0.55 3.01601 0.032583
1.04 0.56 3.01813 0.0350546
1.04 0.57 3.019 0.0374918
1.04 0.58 3.02072 0.0407931
1.04 0.59 3.02041 0.0428709
1.05 0.1 3.08991 0.163007
1.05 0.11 3.07608 0.142636
1.05 0.12 3.0668 0.127136
1.05 0.13 3.0584 0.111218
1.05 0.14 3.04983 0.099109
1.05 0.15 3.04308 0.0872973
1.05 0.16 3.03674 0.0770505
1.05 0.17 3.03204 0.0679444
1.05 0.18 3.02749 0.0667316
1.05 0.19 3.02539 0.0529827
1.05 0.2 3.0188 0.0465968
1.05 0.21 3.01693 0.0408067
1.05 0.22 3.01388 0.035446
1.05 0.23 3.01147 0.0548477
1.05 0.24 3.00961 0.0269085
1.05 0.25 3.00833 0.0231897
1.05 0.26 3.00666 0.020316
1.05 0.27 3.0052 0.0179569
1.05 0.28 3.00422 0.0157659
1.05 0.29 3.00439 0.0138428
1.05 0.3 3.00341 0.0327509
1.05 0.31 3.00249 0.0113335
1.05 0.32 3.00298 0.00994702
1.05 0.33 3.00243 0.00944215
1.05 0.34 3.00273 0.00887612
1.05 0.35 3.00279 0.00876789
1.05 0.36 3.0032 0.00879193
1.05 0.37 3.0032 0.00905929
1.05 0.38 3.00301 0.00967683
1.05 0.39 3.00433 0.0159658
1.05 0.4 3.00436 0.0109117
1.05 0.41 3.00597 0.0114051
1.05 0.42 3.00585 0.0141283
1.05 0.43 3.00742 0.0142799
1.05 0.44 3.00791 0.0153016
1.05 0.45 3.00932 0.0168128
1.05 0.46 3.01046 0.0182768
1.05 0.47 3.0101 0.0201183
1.05 0.48 3.01237 0.0214298
1.05 0.49 3.01407 0.0237865
1.05 0.5 3.01416 0.0722185
1.05 0.51 3.01483 0.0280289
1.05 0.52 3.01604 0.0304739
1.05 0.53 3.01637 0.0326549
1.05 0.54 3.01878 0.0347712
1.05 0.55 3.01996 0.0367697
1.05 0.56 3.02068 0.0396702
1.05 0.57 3.02207 0.0424364
1.05 0.58 3.02324 0.0442192
1.05 0.59 3.02328 0.048036
1.06 0.1 3.0838 0.154797
1.06 0.11 3.07366 0.136709
1.06 0.12 3.06239 0.121597
1.06 0.13 3.05392 0.107409
1.06 0.14 3.04729 0.0940562
1.06 0.15 3.04137 0.0832195
1.06 0.16 3.03443 0.0734207
1.06 0.17 3.03009 0.064914
1.06 0.18 3.02526 0.0585291
1.06 0.19 3.02174 0.050938
1.06 0.2 3.01784 0.0442797
1.06 0.21 3.01487 0.0396192
1.06 0.22 3.01211 0.16263
1.06 0.23 3.01034 0.0301004
1.06 0.24 3.00939 0.0261425
1.06 0.25 3.00739 0.0236589
1.06 0.26 3.00607 0.0206428
1.06 0.27 3.00493 0.0180263
1.06 0.28 3.00455 0.0161373
1.06 0.29 3.0034 0.0144915
1.06 0.3 3.00343 0.0133758
1.06 0.31 3.00303 0.0123308
1.06 0.32 3.00338 0.0114703
1.06 0.33 3.00376 0.0115477
1.06 0.34 3.00391 0.0108562
1.06 0.35 3.00329 0.0109116
1.06 0.36 3.00353 0.0110521
1.06 0.37 3.0044 0.0116375
1.06 0.38 3.00493 0.0120544
1.06 0.39 3.00636 0.0127551
1.06 0.4 3.00652 0.0136048
1.06 0.41 3.00715 0.0147435
1.06 0.42 3.00724 0.016383
1.06 0.43 3.00856 0.0173615
1.06 0.44 3.01 0.0190685
1.06 0.45 3.01034 0.0206603
1.06 0.46 3.01121 0.0221699
1.06 0.47 3.01355 0.0235736
1.06 0.48 3.01388 0.0265937
1.06 0.49 3.01421 0.0280176
1.06 0.5 3.01654 0.0301194
1.06 0.51 3.01766 0.0321397
1.06 0.52 3.01807 0.0356695
1.06 0.53 3.02088 0.0367292
1.06 0.54 3.02016 0.0395777
1.06 0.55 3.02149 0.0430407
1.06 0.56 3.02285 0.0447621
1.06 0.57 3.02309 0.0472986
1.06 0.58 3.02664 0.0501858
1.06 0.59 3.02714 0.0535947
1.07 0.1 3.07931 0.147244
1.07 0.11 3.06762 0.131539
1.07 0.12 3.05803 0.115531
1.07 0.13 3.05028 0.10272
1.07 0.14 3.04458 0.0902704
1.07 0.15 3.03774 0.0812698
1.07 0.16 3.0324 0.0726309
1.07 0.17 3.02789 0.0627586
1.07 0.18 3.02418 0.0548372
1.07 0.19 3.01939 0.0486651
1.07 0.2 3.01684 0.0432346
1.07 0.21 3.01462 0.0381766
1.07 0.22 3.01233 0.033755
1.07 0.23 3.01019 0.0297205
1.07 0.24 3.0085 0.026418
1.07 0.25 3.00737 0.0236807
1.07 0.26 3.00635 0.0211252
1.07 0.27 3.00604 0.0189308
1.07 0.28 3.00519 0.0169926
1.07 0.29 3.00459 0.0157674
1.07 0.3 3.00407 0.0147908
1.07 0.31 3.00473 0.0142601
1.07 0.32 3.00442 0.0133731
1.07 0.33 3.00403 0.0131182
1.07 0.34 3.00433 0.0132517
1.07 0.35 3.00506 0.0132968
1.07 0.36 3.00601 0.0436096
1.07 0.37 3.00615 0.0145155
1.07 0.38 3.00678 0.0151835
1.07 0.39 3.00733 0.0159286
1.07 0.4 3.00859 0.0170684
1.07 0.41 3.0094 0.0183429
1.07 0.42 3.00922 0.0199914
1.07 0.43 3.01095 0.021916
1.07 0.44 3.0122 0.0228665
1.07 0.45 3.01319 0.0284247
1.07 0.46 3.01407 0.0261826
1.07 0.47 3.01475 0.0285662
1.07 0.48 3.01624 0.0308469
1.07 0.49 3.01824 0.0326585
1.07 0.5 3.01907 0.0347086
1.07 0.51 3.02115 0.0363006
1.07 0.52 3.02044 0.229808
1.07 0.53 3.02218 0.0427427
1.07 0.54 3.02328 0.0438327
1.07 0.55 3.02434 0.0480212
1.07 0.56 3.02575 0.0505876
1.07 0.57 3.0285 0.052747
1.07 0.58 3.02913 0.0561608
1.07 0.59 3.03046 0.0595395
1.08 0.1 3.07453 0.141987
1.08 0.11 3.06509 0.124843
1.08 0.12 3.05465 0.110695
1.08 0.13 3.04834 0.0975064
1.08 0.14 3.04101 0.086595
1.08 0.15 3.03573 0.078548
1.08 0.16 3.03075 0.0676872
1.08 0.17 3.02539 0.0602887
1.08 0.18 3.0221 0.0541554
1.08 0.19 3.01894 0.0477051
1.08 0.2 3.01578 0.0429753
1.08 0.21 3.01369 0.03751
1.08 0.22 3.01149 0.0396602
1.08 0.23 3.0095 0.0299362
1.08 0.24 3.00851 0.0266834
1.08 0.25 3.00782 0.0243453
1.08 0.26 3.00728 0.0218543
1.08 0.27 3.00615 0.0200772
1.08 0.28 3.0054 0.018304
1.08 0.29 3.00512 0.0179593
1.08 0.3 3.00575 0.0162777
1.08 0.31 3.00555 0.0161429
1.08 0.32 3.00558 0.0156879
1.08 0.33 3.00617 0.015272
1.08 0.34 3.00611 0.016023
1.08 0.35 3.0061 0.0167617
1.08 0.36 3.00705 0.0168163
1.08 0.37 3.00775 0.0171108
1.08 0.38 3.008 0.0186534
1.08 0.39 3.01034 0.0198899
1.08 0.4 3.00953 0.0204953
1.08 0.41 3.01187 0.0223974
1.08 0.42 3.01268 0.0239091
1.08 0.43 3.01361 0.0287253
1.08 0.44 3.01424 0.0272547
1.08 0.45 3.01366 0.0300039
1.08 0.46 3.02338 0.0308568
1.08 0.47 3.01695 0.0336416
1.08 0.48 3.01933 0.0353833
1.08 0.49 3.02025 0.0386351
1.08 0.5 3.02344 0.0399667
1.08 0.51 3.02167 0.043143
1.08 0.52 3.02239 0.0458744
1.08 0.53 3.02479 0.0486795
1.08 0.54 3.02597 0.0500345
1.08 0.55 3.02804 0.0525226
1.08 0.56 3.02846 0.0565338
1.08 0.57 3.03023 0.0586823
1.08 0.58 3.03122 0.0617824
1.08 0.59 3.03284 0.0643823
1.09 0.1 3.07099 0.137321
1.09 0.11 3.05955 0.121944
1.09 0.12 3.05362 0.106074
1.09 0.13 3.04595 0.0950082
1.09 0.14 3.03933 0.0836165
1.09 0.15 3.03325 0.0752566
1.09 0.16 3.02893 0.0662486
1.09 0.17 3.02463 0.0589506
1.09 0.18 3.02154 0.05191
1.09 0.19 3.01742 0.0470385
1.09 0.2 3.01616 0.0421728
1.09 0.21 3.01365 0.0375305
1.09 0.22 3.01114 0.0339858
1.09 0.23 3.00979 0.0305584
1.09 0.24 3.00808 0.0403382
1.09 0.25 3.00787 0.0252276
1.09 0.26 3.00713 0.0230854
1.09 0.27 3.00645 0.0218013
1.09 0.28 3.00619 0.0202092
1.09 0.29 3.00664 0.0193815
1.09 0.3 3.00692 0.0189115
1.09 0.31 3.00598 0.0192487
1.09 0.32 3.00649 0.0191572
1.09 0.33 3.00775 0.0182476
1.09 0.34 3.00719 0.0190854
1.09 0.35 3.00783 0.0198737
1.09 0.36 3.00848 0.0202094
1.09 0.37 3.00936 0.0219871
1.09 0.38 3.01033 0.0220221
1.09 0.39 3.01158 0.0241704
1.09 0.4 3.01249 0.0255658
1.09 0.41 3.01305 0.0264688
1.09 0.42 3.01436 0.0287814
1.09 0.43 3.01555 0.0395355
1.09 0.44 3.0159 0.0322968
1.09 0.45 3.01836 0.0344347
1.09 0.46 3.019 0.0362358
1.09 0.47 3.02003 0.0388151
1.09 0.48 3.02077 0.0403815
1.09 0.49 3.0222 0.0429682
1.09 0.5 3.02484 0.045015
1.09 0.51 3.02592 0.048543
1.09 0.52 3.02821 0.0497771
1.09 0.53 3.02897 0.0529437
1.09 0.54 3.0296 0.0563075
1.09 0.55 3.03053 0.0589296
1.09 0.56 3.03425 0.0608032
1.09 0.57 3.03289 0.0652628
1.09 0.58 3.03495 0.20872
1.09 0.59 3.03631 0.0710612
1.1 0.1 3.0669 0.132058
1.1 0.11 3.05886 0.114961
1.1 0.12 3.04881 0.102806
1.1 0.13 3.0437 0.0912818
1.1 0.14 3.0369 0.0808723
1.1 0.15 3.03129 0.0731581
1.1 0.16 3.0272 0.0645086
1.1 0.17 3.02365 0.0575996
1.1 0.18 3.02083 0.0514922
1.1 0.19 3.01682 0.0473586
1.1 0.2 3.01535 0.0414202
1.1 0.21 3.01282 0.0377681
1.1 0.22 3.01137 0.0337733
1.1 0.23 3.01032 0.031462
1.1 0.24 3.00824 0.0287944
1.1 0.25 3.00854 0.0267435
1.1 0.26 3.0078 0.0246538
1.1 0.27 3.00676 0.0234387
1.1 0.28 3.00747 0.0226014
1.1 0.29 3.00657 0.0222537
1.1 0.3 3.0072 0.0216049
1.1 0.31 3.00754 0.0277059
1.1 0.32 3.00779 0.0214348
1.1 0.33 3.00906 0.02145
1.1 0.34 3.00981 0.022224
1.1 0.35 3.00981 0.0231411
1.1 0.36 3.01091 0.0240084
1.1 0.37 3.01144 0.0254265
1.1 0.38 3.01292 0.0254496
1.1 0.39 3.01563 0.02804
1.1 0.4 3.01422 0.0299825
1.1 0.41 3.01577 0.031372
1.1 0.42 3.01669 0.0329304
1.1 0.43 3.01811 0.0351303
1.1 0.44 3.01985 0.0370312
1.1 0.45 3.01999 0.0394736
1.1 0.46 3.02131 0.0419949
1.1 0.47 3.02306 0.044143
1.1 0.48 3.02388 0.0461342
1.1 0.49 3.02672 0.0480235
1.1 0.5 3.02742 0.05108
1.1 0.51 3.0274 0.0619167
1.1 0.52 3.02971 0.0569277
1.1 0.53 3.03246 0.0661324
1.1 0.54 3.03374 0.0624095
1.1 0.55 3.03482 0.065856
1.1 0.56 3.03639 0.0691136
1.1 0.57 3.03818 0.0715622
1.1 0.58 3.03922 0.0758119
1.1 0.59 3.03913 0.0792077
1.11 0.1 3.06433 0.1275
1.11 0.11 3.05635 0.111739
1.11 0.12 3.04691 0.100812
1.11 0.13 3.04093 0.0974398
1.11 0.14 3.03528 0.0798967
1.11 0.15 3.03131 0.0704976
1.11 0.16 3.02522 0.06359
1.11 0.17 3.02221 0.058097
1.11 0.18 3.01931 0.0516068
1.11 0.19 3.01811 0.0454596
1.11 0.2 3.01455 0.0422451
1.11 0.21 3.01259 0.0384411
1.11 0.22 3.0121 0.0354973
1.11 0.23 3.01141 0.032377
1.11 0.24 3.00935 0.0300168
1.11 0.25 3.00909 0.0288055
1.11 0.26 3.00884 0.0270164
1.11 0.27 3.00868 0.0256216
1.11 0.28 3.00987 0.025103
1.11 0.29 3.00795 0.0244183
1.11 0.3 3.00878 0.0245489
1.11 0.31 3.00955 0.0243848
1.11 0.32 3.0108 0.0251543
1.11 0.33 3.01078 0.0255185
1.11 0.34 3.0116 0.0262309
1.11 0.35 3.01207 0.299067
1.11 0.36 3.0124 0.0280309
1.11 0.37 3.01298 0.0305271
1.11 0.38 3.01541 0.0304023
1.11 0.39 3.01544 0.0375772
1.11 0.4 3.01695 0.0356563
1.11 0.41 3.01938 0.0355217
1.11 0.42 3.01973 0.0374424
1.11 0.43 3.02109 0.0406744
1.11 0.44 3.02248 0.0426082
1.11 0.45 3.02483 0.0440612
1.11 0.46 3.02371 0.0478147
1.11 0.47 3.02627 0.0496665
1.11 0.48 3.02762 0.0889622
1.11 0.49 3.03396 0.0596464
1.11 0.5 3.0307 0.0583287
1.11 0.51 3.03134 0.06012
1.11 0.52 3.03288 0.0642982
1.11 0.53 3.03521 0.0702098
1.11 0.54 3.03498 0.0692092
1.11 0.55 3.03917 0.0712335
1.11 0.56 3.0397 0.0751809
1.11 0.57 3.04098 0.0783442
1.11 0.58 3.04011 0.0828366
1.11 0.59 3.0427 0.0863296
1.12 0.1 3.06278 0.121234
1.12 0.11 3.05296 0.109759
1.12 0.12 3.04479 0.0980752
1.12 0.13 3.03997 0.0866718
1.12 0.14 3.03377 0.0800493
1.12 0.15 3.02924 0.0701405
1.12 0.16 3.02449 0.0633455
1.12 0.17 3.02184 0.0566916
1.12 0.18 3.01964 0.0515155
1.12 0.19 3.01555 0.047221
1.12 0.2 3.01539 0.0431876
1.12 0.21 3.01317 0.0389538
1.12 0.22 3.01205 0.0360018
1.12 0.23 3.01166 0.0344296
1.12 0.24 3.01097 0.0325279
1.12 0.25 3.01074 0.0303421
1.12 0.26 3.01021 0.0293037
1.12 0.27 3.00939 0.0288586
1.12 0.28 3.01026 0.0282119
1.12 0.29 3.00972 0.0274615
1.12 0.3 3.01527 40.0706
1.12 0.31 3.01164 0.0285754
1.12 0.32 3.01235 0.0285994
1.12 0.33 3.01315 0.0291747
1.12 0.34 3.01311 0.0301844
1.12 0.35 3.01377 0.0316048
1.12 0.36 3.01493 0.0323426
1.12 0.37 3.01587 0.0342593
1.12 0.38 3.01747 0.0351951
1.12 0.39 3.0189 0.0383228
1.12 0.4 3.02007 0.0399707
1.12 0.41 3.01868 0.0423606
1.12 0.42 3.02064 0.0442213
1.12 0.43 3.02358 0.0466756
1.12 0.44 3.02457 0.0480341
1.12 0.45 3.02652 0.0498742
1.12 0.46 3.02717 0.0533811
1.12 0.47 3.02907 0.0566251
1.12 0.48 3.03103 0.0568922
1.12 0.49 3.03334 0.0603306
1.12 0.5 3.03368 0.064517
1.12 0.51 3.03664 0.066059
1.12 0.52 3.03659 0.0698266
1.12 0.53 3.03813 0.074151
1.12 0.54 3.04095 0.0772897
1.12 0.55 3.04157 0.0784705
1.12 0.56 3.04292 0.0848498
1.12 0.57 3.04404 0.0876902
1.12 0.58 3.04639 0.0885727
1.12 0.59 3.04833 0.0999187
1.13 0.1 3.05806 0.120356
1.13 0.11 3.05014 0.106558
1.13 0.12 3.04351 0.0997196
1.13 0.13 3.03821 0.0851693
1.13 0.14 3.03255 0.076691
1.13 0.15 3.02765 0.0697135
1.13 0.16 3.02582 0.0621982
1.13 0.17 3.02222 0.0574153
1.13 0.18 3.01844 0.0521012
1.13 0.19 3.01704 0.0476493
1.13 0.2 3.01512 0.0432034
1.13 0.21 3.0135 0.0409767
1.13 0.22 3.013 0.0402246
1.13 0.23 3.01176 0.0359031
1.13 0.24 3.01292 0.0345653
1.13 0.25 3.01173 0.0336815
1.13 0.26 3.01088 0.0321485
1.13 0.27 3.01106 0.0315859
1.13 0.28 3.01156 0.0313164
1.13 0.29 3.01279 0.0313143
1.13 0.3 3.0126 0.0314338
1.13 0.31 3.01427 0.034045
1.13 0.32 3.01313 0.0327187
1.13 0.33 3.01424 0.0336781
1.13 0.34 3.01675 0.0344834
1.13 0.35 3.01764 0.0353226
1.13 0.36 3.01691 0.0368669
1.13 0.37 3.01888 0.0384591
1.13 0.38 3.01986 0.0409517
1.13 0.39 3.02111 0.0453911
1.13 0.4 3.02272 0.0442326
1.13 0.41 3.02317 0.0468507
1.13 0.42 3.02666 0.0490133
1.13 0.43 3.02792 0.0510535
1.13 0.44 3.02901 0.0535953
1.13 0.45 3.0304 0.0573645
1.13 0.46 3.03092 0.0588641
1.13 0.47 3.03334 0.0622126
1.13 0.48 3.03497 0.0633528
1.13 0.49 3.03787 0.06722
1.13 0.5 3.03844 0.070677
1.13 0.51 3.0395 0.0726223
1.13 0.52 3.04013 0.0770178
1.13 0.53 3.04292 0.0784001
1.13 0.54 3.04495 0.0835374
1.13 0.55 3.0467 0.0868206
1.13 0.56 3.04813 0.0987267
1.13 0.57 3.04861 0.0927157
1.13 0.58 3.04951 0.0980719
1.13 0.59 3.05337 0.102564
1.14 0.1 3.05436 0.116024
1.14 0.11 3.04949 0.104032
1.14 0.12 3.04197 0.0939471
1.14 0.13 3.03598 0.0839987
1.14 0.14 3.03109 0.0764362
1.14 0.15 3.0279 0.0677643
1.14 0.16 3.02381 0.0631477
1.14 0.17 3.02151 0.0576932
1.14 0.18 3.01914 0.0528922
1.14 0.19 3.01666 0.0490778
1.14 0.2 3.01559 0.0456675
1.14 0.21 3.01472 0.0422818
1.14 0.22 3.01387 0.0395639
1.14 0.23 3.0135 0.0391338
1.14 0.24 3.01268 0.0365583
1.14 0.25 3.0126 0.0363961
1.14 0.26 3.01267 0.035845
1.14 0.27 3.01253 0.035552
1.14 0.28 3.01333 0.034803
1.14 0.29 3.01446 0.03475
1.14 0.3 3.01559 0.0347128
1.14 0.31 3.01596 0.0408566
1.14 0.32 3.01524 0.0366025
1.14 0.33 3.0175 0.0372113
1.14 0.34 3.0187 0.0391047
1.14 0.35 3.01772 0.0409437
1.14 0.36 3.02001 0.0711518
1.14 0.37 3.02207 0.044547
1.14 0.38 3.02304 0.0461192
1.14 0.39 3.0243 0.0471981
1.14 0.4 3.0257 0.0511888
1.14 0.41 3.02741 0.0522722
1.14 0.42 3.02875 0.0542555
1.14 0.43 3.03072 0.0574568
1.14 0.44 3.03163 0.0598623
1.14 0.45 3.03367 0.062907
1.14 0.46 3.03338 0.067831
1.14 0.47 3.03764 0.0685983
1.14 0.48 3.03811 0.0711787
1.14 0.49 3.04027 0.0725361
1.14 0.5 3.04076 0.0782773
1.14 0.51 3.0423 0.0818448
1.14 0.52 3.04259 0.0857401
1.14 0.53 3.04871 0.0891153
1.14 0.54 3.04774 0.0910377
1.14 0.55 3.04835 0.0946585
1.14 0.56 3.05264 0.0971483
1.14 0.57 3.05357 0.101531
1.14 0.58 3.05493 0.115948
1.14 0.59 3.05583 0.108275
1.15 0.1 3.05386 0.113357
1.15 0.11 3.04675 0.475294
1.15 0.12 3.0405 0.0926665
1.15 0.13 3.03593 0.0826518
1.15 0.14 3.03132 0.0760128
1.15 0.15 3.02671 0.0692808
1.15 0.16 3.02319 0.0627523
1.15 0.17 3.02039 0.058492
1.15 0.18 3.0192 0.0540208
1.15 0.19 3.01683 0.0511649
1.15 0.2 3.01584 0.0468917
1.15 0.21 3.01502 0.0452394
1.15 0.22 3.01479 0.0429228
1.15 0.23 3.01507 0.0489848
1.15 0.24 3.01442 0.0401019
1.15 0.25 3.0146 0.0387478
1.15 0.26 3.0139 0.0436829
1.15 0.27 3.01492 0.0387402
1.15 0.28 3.01465 0.0386289
1.15 0.29 3.01644 0.0390829
1.15 0.3 3.01826 0.0392702
1.15 0.31 3.01761 0.0463057
1.15 0.32 3.01849 0.0410993
1.15 0.33 3.01989 0.0420517
1.15 0.34 3.021 0.0441979
1.15 0.35 3.02265 0.0454082
1.15 0.36 3.02245 0.0492245
1.15 0.37 3.02399 0.0509152
1.15 0.38 3.02603 0.0518661
1.15 0.39 3.02781 0.0541496
1.15 0.4 3.02921 0.0567188
1.15 0.41 3.0329 0.0571519
1.15 0.42 3.03192 0.061611
1.15 0.43 3.03322 0.0648476
1.15 0.44 3.03441 0.0682803
1.15 0.45 3.03852 0.0711867
1.15 0.46 3.03805 0.073197
1.15 0.47 3.03985 0.0763216
1.15 0.48 3.04175 0.0798741
1.15 0.49 3.04248 0.0811674
1.15 0.5 3.0455 0.0846084
1.15 0.51 3.04532 0.0883412
1.15 0.52 3.04803 0.0927324
1.15 0.53 3.05107 0.0953831
1.15 0.54 3.05237 0.0984497
1.15 0.55 3.05249 0.102178
1.15 0.56 3.05274 0.109134
1.15 0.57 3.05653 0.112067
1.15 0.58 3.05753 0.113463
1.15 0.59 3.05846 0.348121
1.16 0.1 3.05173 0.111795
1.16 0.11 3.04477 0.10255
1.16 0.12 3.03939 0.0911811
1.16 0.13 3.03432 0.0834287
1.16 0.14 3.0298 0.0761617
1.16 0.15 3.02759 0.0696858
1.16 0.16 3.02449 0.0639333
1.16 0.17 3.02189 0.0586479
1.16 0.18 3.02023 0.0563709
1.16 0.19 3.01679 0.0526387
1.16 0.2 3.01773 0.0506892
1.16 0.21 3.01712 0.0472939
1.16 0.22 3.01598 0.0452539
1.16 0.23 3.01596 0.0451777
1.16 0.24 3.01613 0.0434925
1.16 0.25 3.01636 0.0431618
1.16 0.26 3.01712 0.0436443
1.16 0.27 3.01675 0.0433128
1.16 0.28 3.01704 0.0435378
1.16 0.29 3.01926 0.353792
1.16 0.3 3.01845 0.0440785
1.16 0.31 3.01968 0.0462073
1.16 0.32 3.02119 0.0464344
1.16 0.33 3.023 0.04795
1.16 0.34 3.02456 0.0494429
1.16 0.35 3.02454 0.0515163
1.16 0.36 3.02638 0.0547977
1.16 0.37 3.02762 0.0575987
1.16 0.38 3.02869 0.119865
1.16 0.39 3.02984 0.0605769
1.16 0.4 3.03294 0.0634167
1.16 0.41 3.03524 0.0644242
1.16 0.42 3.03579 0.0684493
1.16 0.43 3.03607 0.0716202
1.16 0.44 3.03825 0.0748996
1.16 0.45 3.04134 0.075921
1.16 0.46 3.04314 0.0801864
1.16 0.47 3.04282 0.115692
1.16 0.48 3.04571 0.0862044
1.16 0.49 3.04653 0.157948
1.16 0.5 3.04724 0.111372
1.16 0.51 3.05194 0.0995898
1.16 0.52 3.05408 0.0990264
1.16 0.53 3.05485 0.10268
1.16 0.54 3.05447 0.108893
1.16 0.55 3.05701 0.111277
1.16 0.56 3.0599 0.112237
1.16 0.57 3.05953 0.119057
1.16 0.58 3.06477 0.121105
1.16 0.59 3.06636 0.125962
1.17 0.1 3.05051 0.110481
1.17 0.11 3.04442 0.0989458
1.17 0.12 3.03971 0.0903794
1.17 0.13 3.03312 0.0836352
1.17 0.14 3.02981 0.0778111
1.17 0.15 3.02624 0.0718378
1.17 0.16 3.02535 0.0649532
1.17 0.17 3.02313 0.0606953
1.17 0.18 3.02075 0.0573884
1.17 0.19 3.01963 0.0550288
1.17 0.2 3.01801 0.0527436
1.17 0.21 3.01878 0.0503378
1.17 0.22 3.0183 0.0487705
1.17 0.23 3.0176 0.0471885
1.17 0.24 3.01681 0.0469483
1.17 0.25 3.01921 0.0460851
1.17 0.26 3.01734 0.0475925
1.17 0.27 3.01903 0.0477851
1.17 0.28 3.01901 0.0490611
1.17 0.29 3.0212 0.0474324
1.17 0.3 3.02277 0.0519499
1.17 0.31 3.02248 0.0509346
1.17 0.32 3.02518 0.0520955
1.17 0.33 3.02427 0.0546407
1.17 0.34 3.02666 0.0558514
1.17 0.35 3.02699 0.057723
1.17 0.36 3.03022 0.0592643
1.17 0.37 3.03195 0.0606187
1.17 0.38 3.03143 0.0652272
1.17 0.39 3.03375 0.0728911
1.17 0.4 3.03627 0.0691257
1.17 0.41 3.03938 0.0697789
1.17 0.42 3.03757 0.0746281
1.17 0.43 3.04096 0.0793073
1.17 0.44 3.04247 0.0816619
1.17 0.45 3.04444 0.0876636
1.17 0.46 3.04731 0.209091
1.17 0.47 3.04855 0.0893365
1.17 0.48 3.05011 0.0936951
1.17 0.49 3.05041 0.100142
1.17 0.5 3.05181 0.101975
1.17 0.51 3.05504 0.103942
1.17 0.52 3.05676 0.122564
1.17 0.53 3.05687 0.11174
1.17 0.54 3.06247 0.114762
1.17 0.55 3.06192 0.122638
1.17 0.56 3.06378 0.12416
1.17 0.57 3.06542 0.12506
1.17 0.58 3.06697 0.129059
1.17 0.59 3.06981 0.132516
1.18 0.1 3.04939 0.110307
1.18 0.11 3.04307 0.0991427
1.18 0.12 3.03807 0.10027
1.18 0.13 3.03302 0.0845667
1.18 0.14 3.02952 0.0782073
1.18 0.15 3.02681 0.0717188
1.18 0.16 3.0255 0.0658429
1.18 0.17 3.02283 0.0633238
1.18 0.18 3.02105 0.0600907
1.18 0.19 3.02189 0.0573718
1.18 0.2 3.01948 0.0553723
1.18 0.21 3.01848 0.0541874
1.18 0.22 3.01918 0.0545533
1.18 0.23 3.01864 0.0518895
1.18 0.24 3.01913 0.0536233
1.18 0.25 3.01853 0.316925
1.18 0.26 3.02145 0.0507625
1.18 0.27 3.02218 0.0509743
1.18 0.28 3.02115 0.053751
1.18 0.29 3.02374 0.053027
1.18 0.3 3.02277 0.0570053
1.18 0.31 3.02395 0.0563351
1.18 0.32 3.02732 0.0569135
1.18 0.33 3.02822 0.05877
1.18 0.34 3.03089 0.0604863
1.18 0.35 3.03141 0.0643986
1.18 0.36 3.03304 0.0662848
1.18 0.37 3.03251 0.0699965
1.18 0.38 3.03567 0.0706816
1.18 0.39 3.0381 0.0726434
1.18 0.4 3.0394 0.0752308
1.18 0.41 3.04309 0.0781543
1.18 0.42 3.04244 0.0824855
1.18 0.43 3.04512 0.083957
1.18 0.44 3.04665 0.087144
1.18 0.45 3.04723 0.0904516
1.18 0.46 3.04974 0.0959169
1.18 0.47 3.05305 0.0962108
1.18 0.48 3.05529 0.10072
1.18 0.49 3.05613 0.105235
1.18 0.5 3.05916 0.108377
1.18 0.51 3.05816 0.11387
1.18 0.52 3.06303 0.116368
1.18 0.53 3.06294 0.117923
1.18 0.54 3.06513 0.12561
1.18 0.55 3.06835 0.126606
1.18 0.56 3.06828 0.129651
1.18 0.57 3.07239 0.13349
1.18 0.58 3.07415 0.13968
1.18 0.59 3.07526 0.143595
1.19 0.1 3.04762 0.108
1.19 0.11 3.04174 0.0970154
1.19 0.12 3.03753 0.0929039
1.19 0.13 3.03344 0.084173
1.19 0.14 3.02995 0.0771135
1.19 0.15 3.02792 0.0726955
1.19 0.16 3.02595 0.0687788
1.19 0.17 3.0237 0.0655229
1.19 0.18 3.02217 0.0626312
1.19 0.19 3.02214 0.0606698
1.19 0.2 3.02258 0.0580225
1.19 0.21 3.02013 0.417301
1.19 0.22 3.01945 0.0566728
1.19 0.23 3.02236 0.0550707
1.19 0.24 3.02268 0.0563917
1.19 0.25 3.02294 0.0558267
1.19 0.26 3.02231 0.0570596
1.19 0.27 3.02437 0.0568699
1.19 0.28 3.0261 0.0598489
1.19 0.29 3.0256 0.0588943
1.19 0.3 3.02704 0.0621799
1.19 0.31 3.02978 0.0628639
1.19 0.32 3.02968 0.0650193
1.19 0.33 3.03271 0.0649091
1.19 0.34 3.03421 0.0684529
1.19 0.35 3.03352 0.0708612
1.19 0.36 3.03764 0.0734047
1.19 0.37 3.03884 0.0751487
1.19 0.38 3.03891 0.0781821
1.19 0.39 3.04207 0.0812156
1.19 0.4 3.04182 0.0852911
1.19 0.41 3.04652 0.0946479
1.19 0.42 3.04713 0.0889516
1.19 0.43 3.0501 0.0934662
1.19 0.44 3.05137 0.0969017
1.19 0.45 3.05271 0.0999313
1.19 0.46 3.05701 0.101279
1.19 0.47 3.05686 0.107282
1.19 0.48 3.05973 0.110028
1.19 0.49 3.05887 0.115051
1.19 0.5 3.06093 0.118774
1.19 0.51 3.06348 0.123615
1.19 0.52 3.06451 0.124168
1.19 0.53 3.06568 0.129709
1.19 0.54 3.06867 0.131781
1.19 0.55 3.06993 0.138666
1.19 0.56 3.07442 0.141506
1.19 0.57 3.07525 0.143729
1.19 0.58 3.07566 0.148354
1.19 0.59 3.08132 0.153792
1.2 0.1 3.04702 0.108391
1.2 0.11 3.04112 0.0990628
1.2 0.12 3.03637 0.0920339
1.2 0.13 3.0332 0.0860124
1.2 0.14 3.03015 0.0806568
1.2 0.15 3.02822 0.0741382
1.2 0.16 3.02583 0.0730942
1.2 0.17 3.02435 0.0689436
1.2 0.18 3.02512 0.0650512
1.2 0.19 3.02413 0.06345
1.2 0.2 3.02408 0.0610452
1.2 0.21 3.02259 0.0609554
1.2 0.22 3.02153 0.0615757
1.2 0.23 3.02416 0.0595595
1.2 0.24 3.02441 0.0596837
1.2 0.25 3.02583 0.05916
1.2 0.26 3.0249 0.0624209
1.2 0.27 3.02515 0.0629755
1.2 0.28 3.02908 0.061473
1.2 0.29 3.03022 0.0650525
1.2 0.3 3.03278 0.0657083
1.2 0.31 3.03328 0.067502
1.2 0.32 3.03418 0.0713956
1.2 0.33 3.03465 0.071846
1.2 0.34 3.03655 0.0750907
1.2 0.35 3.03907 0.0761653
1.2 0.36 3.04062 0.0770968
1.2 0.37 3.0427 0.0813866
1.2 0.38 3.04276 0.0868233
1.2 0.39 3.04413 0.0881111
1.2 0.4 3.04574 0.0910784
1.2 0.41 3.0493 0.0939446
1.2 0.42 3.05038 0.169253
1.2 0.43 3.05517 0.101524
1.2 0.44 3.05699 0.102259
1.2 0.45 3.05593 0.109854
1.2 0.46 3.05773 0.111421
1.2 0.47 3.05992 0.114379
1.2 0.48 3.06331 0.118327
1.2 0.49 3.06366 0.131277
1.2 0.5 3.06639 0.126798
1.2 0.51 3.0675 0.131836
1.2 0.52 3.07235 0.13445
1.2 0.53 3.07265 0.135445
1.2 0.54 3.07171 0.14501
1.2 0.55 3.07892 0.146789
1.2 0.56 3.07605 0.151691
1.2 0.57 3.08064 0.153241
1.2 0.58 3.08201 0.158828
1.2 0.59 3.08518 0.161467
1.21 0.1 3.04367 0.109001
1.21 0.11 3.04112 0.0998223
1.21 0.12 3.03623 0.0934404
1.21 0.13 3.03411 0.087051
1.21 0.14 3.03066 0.0832219
1.21 0.15 3.0293 0.0759515
1.21 0.16 3.02777 0.0743158
1.21 0.17 3.0262 0.0717873
1.21 0.18 3.02629 0.0679322
1.21 0.19 3.0247 0.0672854
1.21 0.2 3.02398 0.0657038
1.21 0.21 3.02524 0.0654517
1.21 0.22 3.02531 0.0716322
1.21 0.23 3.0255 0.0650927
1.21 0.24 3.02584 0.0651329
1.21 0.25 3.02772 0.0669654
1.21 0.26 3.02989 0.0659794
1.21 0.27 3.03083 0.0672793
1.21 0.28 3.03164 0.0694245
1.21 0.29 3.03188 0.0688965
1.21 0.3 3.03372 0.0734606
1.21 0.31 3.036 0.0739968
1.21 0.32 3.03641 0.0769533
1.21 0.33 3.03909 0.0776377
1.21 0.34 3.04008 0.250635
1.21 0.35 3.04202 0.08507
1.21 0.36 3.04365 0.0871403
1.21 0.37 3.04729 0.0890829
1.21 0.38 3.04706 0.0929332
1.21 0.39 3.04954 0.123646
1.21 0.4 3.0512 0.10048
1.21 0.41 3.05349 0.0985712
1.21 0.42 3.05554 0.104907
1.21 0.43 3.05676 0.109667
1.21 0.44 3.06062 0.111691
1.21 0.45 3.05951 0.178304
1.21 0.46 3.06584 0.117359
1.21 0.47 3.06457 0.12544
1.21 0.48 3.06472 0.129485
1.21 0.49 3.0708 0.131573
1.21 0.5 3.07308 0.13508
1.21 0.51 3.07658 0.13924
1.21 0.52 3.07666 0.141726
1.21 0.53 3.07888 0.148163
1.21 0.54 3.08036 0.151397
1.21 0.55 3.08013 0.157311
1.21 0.56 3.08315 0.161854
1.21 0.57 3.08724 0.162768
1.21 0.58 3.08904 0.166274
1.21 0.59 3.09068 0.175476
1.22 0.1 3.04556 0.110245
1.22 0.11 3.04035 0.100837
1.22 0.12 3.03663 0.0955675
1.22 0.13 3.03497 0.0891656
1.22 0.14 3.03265 0.0847665
1.22 0.15 3.02982 0.0845653
1.22 0.16 3.02825 0.0771183
1.22 0.17 3.02767 0.0746026
1.22 0.18 3.02661 0.0732363
1.22 0.19 3.02402 0.0726961
1.22 0.2 3.02637 0.070904
1.22 0.21 3.025 0.0708477
1.22 0.22 3.02813 0.0770543
1.22 0.23 3.02825 0.0698027
1.22 0.24 3.02929 0.0696708
1.22 0.25 3.02929 0.0726388
1.22 0.26 3.03062 0.0730918
1.22 0.27 3.03304 0.0740075
1.22 0.28 3.03366 0.0761609
1.22 0.29 3.03641 0.0764722
1.22 0.3 3.03859 0.0796676
1.22 0.31 3.03619 0.084387
1.22 0.32 3.04057 0.0848375
1.22 0.33 3.04322 0.0852159
1.22 0.34 3.04344 0.0890974
1.22 0.35 3.0478 0.0926936
1.22 0.36 3.04836 0.0945205
1.22 0.37 3.04672 0.0991966
1.22 0.38 3.04997 0.100352
1.22 0.39 3.05324 0.104359
1.22 0.4 3.05836 0.106194
1.22 0.41 3.05732 0.109857
1.22 0.42 3.05928 0.113183
1.22 0.43 3.06383 0.114706
1.22 0.44 3.06474 0.120601
1.22 0.45 3.06322 0.126137
1.22 0.46 3.06546 0.128707
1.22 0.47 3.07385 0.131999
1.22 0.48 3.07207 0.853064
1.22 0.49 3.07495 0.13837
1.22 0.5 3.07514 0.144725
1.22 0.51 3.07883 0.149793
1.22 0.52 3.08281 0.152124
1.22 0.53 3.0819 0.156304
1.22 0.54 3.08527 0.161285
1.22 0.55 3.08501 0.168535
1.22 0.56 3.08597 0.171116
1.22 0.57 3.09122 0.172607
1.22 0.58 3.09493 0.177875
1.22 0.59 3.09543 0.180108
1.23 0.1 3.04655 0.108132
1.23 0.11 3.04118 0.102062
1.23 0.12 3.03726 0.0961576
1.23 0.13 3.03497 0.0913547
1.23 0.14 3.03323 0.0851926
1.23 0.15 3.0329 0.081791
1.23 0.16 3.02916 0.0812149
1.23 0.17 3.02989 0.0773129
1.23 0.18 3.03006 0.0770271
1.23 0.19 3.02843 0.0760877
1.23 0.2 3.02853 0.0742865
1.23 0.21 3.02922 0.0737725
1.23 0.22 3.03026 0.0740966
1.23 0.23 3.02995 0.0798981
1.23 0.24 3.03239 0.0750407
1.23 0.25 3.03324 0.200277
1.23 0.26 3.0353 0.0771366
1.23 0.27 3.03455 0.0814948
1.23 0.28 3.03604 0.0822958
1.23 0.29 3.0372 0.0834295
1.23 0.3 3.04169 0.0854364
1.23 0.31 3.04277 0.0898594
1.23 0.32 3.04445 0.0904229
1.23 0.33 3.04635 0.0949712
1.23 0.34 3.04711 0.096759
1.23 0.35 3.04891 0.115593
1.23 0.36 3.05241 0.102104
1.23 0.37 3.0544 0.106883
1.23 0.38 3.05418 0.112564
1.23 0.39 3.05691 0.11246
1.23 0.4 3.0602 0.116096
1.23 0.41 3.06091 0.119673
1.23 0.42 3.06098 0.123511
1.23 0.43 3.06494 0.124047
1.23 0.44 3.06608 0.131828
1.23 0.45 3.07188 0.135701
1.23 0.46 3.07483 0.384289
1.23 0.47 3.07409 0.153481
1.23 0.48 3.07745 0.145663
1.23 0.49 3.07909 0.148803
1.23 0.5 3.08093 0.154611
1.23 0.51 3.08507 0.156143
1.23 0.52 3.0844 0.179277
1.23 0.53 3.087 0.168283
1.23 0.54 3.08659 0.172159
1.23 0.55 3.09055 0.175796
1.23 0.56 3.09807 0.18682
1.23 0.57 3.09457 0.237625
1.23 0.58 3.09471 0.193613
1.23 0.59 3.10026 0.192596
1.24 0.1 3.04569 0.11033
1.24 0.11 3.04125 0.103466
1.24 0.12 3.03826 0.0981777
1.24 0.13 3.03617 0.0942027
1.24 0.14 3.03418 0.0890961
1.24 0.15 3.03288 0.0864562
1.24 0.16 3.0317 0.08371
1.24 0.17 3.03034 0.106702
1.24 0.18 3.03119 0.0805665
1.24 0.19 3.03106 0.145584
1.24 0.2 3.03014 0.0815631
1.24 0.21 3.03174 0.0780389
1.24 0.22 3.03298 0.0816611
1.24 0.23 3.03351 0.081708
1.24 0.24 3.03575 0.0810081
1.24 0.25 3.03703 0.082019
1.24 0.26 3.03864 0.0841278
1.24 0.27 3.039 0.0880314
1.24 0.28 3.04034 0.0895962
1.24 0.29 3.04159 0.0899272
1.24 0.3 3.04368 0.0942461
1.24 0.31 3.04839 0.0921904
1.24 0.32 3.04897 0.097542
1.24 0.33 3.04965 0.104635
1.24 0.34 3.05088 0.112916
1.24 0.35 3.05494 0.107548
1.24 0.36 3.05782 0.108928
1.24 0.37 3.05609 0.114626
1.24 0.38 3.05882 0.12762
1.24 0.39 3.06398 0.121027
1.24 0.4 3.06567 0.125126
1.24 0.41 3.06628 0.128525
1.24 0.42 3.0705 0.130381
1.24 0.43 3.07178 0.13549
1.24 0.44 3.07342 0.139945
1.24 0.45 3.07494 0.143623
1.24 0.46 3.07691 0.144317
1.24 0.47 3.08063 0.149637
1.24 0.48 3.08176 0.156061
1.24 0.49 3.08222 0.161949
1.24 0.5 3.0845 0.246626
1.24 0.51 3.08774 0.170979
1.24 0.52 3.0881 0.174152
1.24 0.53 3.09335 0.177706
1.24 0.54 3.09857 0.179318
1.24 0.55 3.09831 0.185074
1.24 0.56 3.0989 0.193143
1.24 0.57 3.10119 0.192335
1.24 0.58 3.10551 0.199464
1.24 0.59 3.10462 0.20495
